94.05435200 39.54871200 1806.00
94.04751685 39.54817105 2614.60
94.04008426 39.54760343 3384.45
94.03232324 39.54694533 4128.15
94.02428994 39.54618643 4852.27
94.01603985 39.54537126 5556.05
94.00757438 39.54452990 6241.12
93.99894043 39.54367176 6905.92
93.99012712 39.54279745 7554.13
93.98112970 39.54190549 8188.91
93.97197098 39.54101049 8809.83
93.96267699 39.54010244 9415.85
93.95327427 39.53918588 10005.51
93.94379434 39.53825823 10577.40
93.93417615 39.53731293 11136.40
93.92444376 39.53635801 11682.42
93.91462177 39.53539617 12215.49
93.90473396 39.53442907 12735.35
93.89469065 39.53344541 13247.19
93.88461977 39.53245500 13744.99
93.87442400 39.53145114 14233.98
93.86424023 39.53044842 14708.13
93.85396584 39.52943628 15172.98
93.84361557 39.52841479 15628.34
93.83320418 39.52738727 16074.00
93.82274696 39.52635733 16509.75
93.81226057 39.52532508 16935.47
93.80176170 39.52428800 17351.07
93.79111196 39.52323232 17762.36
93.78047253 39.52217655 18163.38
93.76986100 39.52112378 18553.93
93.75916146 39.52006009 18938.92
93.74844953 39.51899259 19316.33
93.73761068 39.51791074 19690.73
93.72684831 39.51683578 20055.65
93.71601710 39.51575359 20416.48
93.70513545 39.51466585 20772.69
93.69421862 39.51357305 21123.87
93.68327953 39.51247547 21469.80
93.67232796 39.51137467 21810.35
93.66137094 39.51027174 22145.45
93.65041322 39.50916721 22475.12
93.63945781 39.50806163 22799.41
93.62850633 39.50695577 23118.43
93.61755978 39.50584964 23432.29
93.60661874 39.50474341 23741.11
93.59551022 39.50361927 24049.77
93.58440820 39.50249505 24353.43
93.57331286 39.50137026 24652.17
93.56222409 39.50024488 24946.11
93.55114181 39.49911899 25235.38
93.54006632 39.49799286 25520.40
93.52899787 39.49686630 25801.52
93.51793635 39.49573929 26078.86
93.50688154 39.49461200 26352.48
93.49566063 39.49346693 26626.63
93.48444625 39.49232148 26897.04
93.47323815 39.49117602 27163.78
93.46203618 39.49003031 27426.87
93.45084019 39.48888411 27686.38
93.43964996 39.48773762 27942.32
93.42846532 39.48659090 28194.75
93.41728614 39.48544382 28443.70
93.40611230 39.48429626 28689.19
93.39494357 39.48314856 28931.26
93.38377983 39.48200074 29169.93
93.37262098 39.48085261 29405.24
93.36129533 39.47968644 29640.76
93.34997452 39.47851975 29872.89
93.33865848 39.47735231 30101.64
93.32734705 39.47618415 30327.04
93.31604011 39.47501548 30549.11
93.30473758 39.47384617 30767.89
93.29343931 39.47267630 30983.39
93.28214520 39.47150597 31195.63
93.27085517 39.47033521 31404.64
93.25956914 39.46916390 31610.44
93.24828704 39.46799195 31813.05
93.23700881 39.46681931 32012.48
93.22573433 39.46564610 32208.76
93.21446351 39.46447224 32401.87
93.20319629 39.46329751 32591.83
93.19193257 39.46212167 32778.67
93.18050169 39.46092686 32965.15
93.16907423 39.45973100 33148.42
93.15765009 39.45853416 33328.49
93.14622919 39.45733636 33505.36
93.13481148 39.45613763 33679.06
93.12339687 39.45493799 33849.59
93.11198532 39.45373752 34016.95
93.10057674 39.45253642 34181.15
93.08917106 39.45133473 34342.20
93.07776826 39.45013243 34500.11
93.06636830 39.44892949 34654.89
93.05497112 39.44772591 34806.54
93.04357671 39.44652164 34955.07
93.03218501 39.44531667 35100.51
93.02079595 39.44411107 35242.84
93.00940948 39.44290488 35382.10
92.99802556 39.44169806 35518.28
92.98664417 39.44049053 35651.40
92.97526528 39.43928225 35781.47
92.96388884 39.43807326 35908.50
92.95251483 39.43686357 36032.48
92.94114323 39.43565318 36153.44
92.92977399 39.43444210 36271.37
92.91840709 39.43323037 36386.27
92.90687290 39.43199991 36499.81
92.89534105 39.43076879 36610.25
92.88381154 39.42953697 36717.59
92.87228434 39.42830446 36821.85
92.86075942 39.42707124 36923.03
92.84923677 39.42583731 37021.12
92.83771637 39.42460263 37116.15
92.82619821 39.42336715 37208.11
92.81468227 39.42213086 37297.01
92.80316854 39.42089375 37382.85
92.79165700 39.41965581 37465.64
92.78014765 39.41841698 37545.38
92.76864047 39.41717724 37622.07
92.75713545 39.41593661 37695.73
92.74563255 39.41469512 37766.34
92.73413178 39.41345274 37833.92
92.72263312 39.41220946 37898.47
92.71113656 39.41096528 37959.98
92.69964209 39.40972020 38018.48
92.68814969 39.40847422 38073.94
92.67665936 39.40722736 38126.39
92.66517107 39.40597961 38175.82
92.65368482 39.40473100 38222.24
92.64220059 39.40348153 38265.64
92.63071837 39.40223118 38306.03
92.61923817 39.40097996 38343.42
92.60775996 39.39972786 38377.80
92.59628373 39.39847490 38409.17
92.58480949 39.39722107 38437.54
92.57333722 39.39596634 38462.91
92.56186693 39.39471073 38485.28
92.55039861 39.39345422 38504.65
92.53893225 39.39219682 38521.03
92.52746786 39.39093853 38534.41
92.51600542 39.38967933 38544.79
92.50454495 39.38841922 38552.17
92.49308645 39.38715821 38556.56
92.48162990 39.38589628 38557.96
92.47017531 39.38463343 38556.36
92.45872269 39.38336965 38551.76
92.44727201 39.38210495 38544.19
92.43582321 39.38083931 38533.66
92.42437621 39.37957273 38520.23
92.41293095 39.37830521 38503.93
92.40148734 39.37703673 38484.81
92.39004538 39.37576730 38462.94
92.37860504 39.37449688 38438.38
92.36716638 39.37322548 38411.19
92.35572950 39.37195308 38381.46
92.34429453 39.37067969 38349.26
92.33286162 39.36940531 38314.67
92.32143094 39.36812993 38277.77
92.31000266 39.36685356 38238.59
92.29857693 39.36557625 38197.20
92.28715385 39.36429802 38153.63
92.27573354 39.36301890 38107.91
92.26431609 39.36173890 38060.08
92.25290156 39.36045804 38010.15
92.24149003 39.35917632 37958.16
92.23008155 39.35789376 37904.12
92.21867616 39.35661035 37848.05
92.20727390 39.35532611 37789.97
92.19587481 39.35404105 37729.88
92.18447891 39.35275517 37667.81
92.17308624 39.35146843 37603.77
92.16169681 39.35018081 37537.77
92.15014323 39.34887337 37468.81
92.13859301 39.34756505 37397.84
92.12704618 39.34625587 37324.90
92.11550274 39.34494583 37249.97
92.10396271 39.34363491 37173.08
92.09242610 39.34232309 37094.24
92.08089293 39.34101037 37013.45
92.06936322 39.33969674 36930.74
92.05783698 39.33838225 36846.11
92.04631423 39.33706686 36759.57
92.03479499 39.33575055 36671.15
92.02327927 39.33443331 36580.85
92.01176708 39.33311515 36488.69
92.00025843 39.33179608 36394.67
91.98875332 39.33047611 36298.81
91.97725181 39.32915512 36201.12
91.96575392 39.32783307 36101.62
91.95425967 39.32650994 36000.33
91.94276908 39.32518580 35897.26
91.93128215 39.32386064 35792.43
91.91979892 39.32253440 35685.84
91.90831942 39.32120715 35577.53
91.89684366 39.31987894 35467.51
91.88537166 39.31854987 35355.81
91.87390345 39.31721990 35242.43
91.86243908 39.31588892 35127.41
91.85097860 39.31455692 35010.76
91.83952206 39.31322387 34892.51
91.82806946 39.31188978 34772.68
91.81662085 39.31055470 34651.29
91.80517621 39.30921868 34528.36
91.79373555 39.30788182 34403.90
91.78229888 39.30654411 34277.92
91.77086625 39.30520549 34150.46
91.75943770 39.30386602 34021.53
91.74801326 39.30252572 33891.16
91.73659299 39.30118447 33759.38
91.72517694 39.29984220 33626.21
91.71376516 39.29849894 33491.68
91.70235771 39.29715475 33355.83
91.69095467 39.29580964 33218.68
91.67955611 39.29446368 33080.28
91.66816209 39.29311686 32940.68
91.65677268 39.29176913 32799.89
91.64538794 39.29042059 32657.95
91.63400791 39.28907135 32514.90
91.62263265 39.28772146 32370.79
91.61126220 39.28637109 32225.64
91.59989659 39.28502037 32079.48
91.58853589 39.28366929 31932.37
91.57718022 39.28231768 31784.32
91.56582968 39.28096546 31635.39
91.55448435 39.27961274 31485.63
91.54314431 39.27825951 31335.06
91.53180966 39.27690577 31183.76
91.52048053 39.27555148 31031.76
91.50915702 39.27419653 30879.11
91.49783925 39.27284089 30725.86
91.48652733 39.27148466 30572.06
91.47522137 39.27012779 30417.75
91.46392150 39.26877021 30263.00
91.45262777 39.26741211 30107.84
91.44134029 39.26605349 29952.30
91.43005918 39.26469436 29796.46
91.41878456 39.26333481 29640.36
91.40751652 39.26197492 29484.06
91.39625520 39.26061466 29327.61
91.38483773 39.25923427 29168.81
91.37342757 39.25785334 29010.00
91.36202488 39.25647195 28851.27
91.35062989 39.25509003 28692.69
91.33924283 39.25370754 28534.35
91.32786382 39.25232473 28376.32
91.31649303 39.25094170 28218.67
91.30513061 39.24955848 28061.45
91.29377675 39.24817508 27904.73
91.28243171 39.24679127 27748.58
91.27109571 39.24540714 27593.08
91.25976905 39.24402260 27438.32
91.24845195 39.24263790 27284.40
91.23714462 39.24125330 27131.40
91.22584725 39.23986883 26979.37
91.21456004 39.23848453 26828.39
91.20328338 39.23710000 26678.55
91.19185676 39.23569531 26527.83
91.18044160 39.23429051 26378.47
91.16903824 39.23288581 26230.58
91.15764700 39.23148127 26084.27
91.14626820 39.23007699 25939.61
91.13490212 39.22867323 25796.71
91.12354908 39.22727018 25655.64
91.11220946 39.22586783 25516.52
91.10088361 39.22446621 25379.44
91.08957193 39.22306514 25244.48
91.07827485 39.22166436 25111.72
91.06683396 39.22024413 24979.44
91.05540887 39.21882438 24849.60
91.04399992 39.21740547 24722.30
91.03260749 39.21598772 24597.61
91.02123205 39.21457101 24475.64
91.00987412 39.21315497 24356.47
90.99853422 39.21173950 24240.17
90.98721266 39.21032534 24126.84
90.97575302 39.20889333 24015.05
90.96431330 39.20746292 23906.52
90.95289416 39.20603364 23801.33
90.94149607 39.20460558 23699.54
90.93011948 39.20317916 23601.23
90.91876482 39.20175468 23506.46
90.90727765 39.20031229 23414.07
90.89581428 39.19887117 23325.45
90.88437526 39.19743117 23240.64
90.87296120 39.19599261 23159.75
90.86157261 39.19455604 23082.83
90.85020999 39.19312199 23009.95
90.83872083 39.19167112 22940.23
90.82725938 39.19022281 22874.73
90.81582616 39.18877703 22813.45
90.80442162 39.18733388 22756.42
90.79304635 39.18589302 22703.65
90.78154991 39.18443511 22654.57
90.77008468 39.18297949 22609.91
90.75865117 39.18152638 22569.71
90.74724980 39.18007612 22533.94
90.73573165 39.17860994 22502.25
90.72424739 39.17714710 22475.10
90.71279752 39.17568758 22452.50
90.70138231 39.17423148 22434.39
90.69000215 39.17277884 22420.74
90.67851027 39.17131085 22411.42
90.66705502 39.16984658 22406.59
90.65563666 39.16838595 22406.20
90.64425550 39.16692892 22410.19
90.63276653 39.16545678 22418.61
90.62131618 39.16398827 22431.40
90.60990462 39.16252336 22448.47
90.59838835 39.16104362 22470.06
90.58691209 39.15956774 22495.88
90.57547587 39.15809563 22525.83
90.56407967 39.15662735 22559.80
90.55258181 39.15514450 22598.19
90.54112487 39.15366559 22640.50
90.52970872 39.15219064 22686.60
90.51833315 39.15071993 22736.37
90.50685824 39.14923564 22790.36
90.49542449 39.14775606 22847.86
90.48403181 39.14628110 22908.78
90.47268015 39.14481047 22973.02
90.46123140 39.14332612 23041.26
90.44982391 39.14184597 23112.62
90.43845722 39.14036978 23186.92
90.42699470 39.13887953 23264.97
90.41557317 39.13739289 23345.74
90.40419213 39.13591006 23429.12
90.39285103 39.13443156 23514.97
90.38141507 39.13294040 23604.23
90.37001898 39.13145423 23695.77
90.35866228 39.12997255 23789.46
90.34734453 39.12849470 23885.14
90.33593260 39.12700302 23983.82
90.32455910 39.12551488 24084.22
90.31322327 39.12403088 24186.19
90.30179334 39.12253396 24290.81
90.29040094 39.12104070 24396.80
90.27904552 39.11955044 24504.02
90.26772631 39.11806299 24612.31
90.25631298 39.11656215 24722.81
90.24493518 39.11506519 24834.17
90.23359232 39.11357166 24946.24
90.22228370 39.11208121 25058.90
90.21088073 39.11057673 25173.30
90.19951141 39.10907542 25288.06
90.18817496 39.10757728 25403.04
90.17687073 39.10608254 25518.14
90.16547162 39.10457429 25634.56
90.15410405 39.10306914 25750.85
90.14276739 39.10156697 25866.92
90.13146104 39.10006743 25982.66
90.12018436 39.09857044 26097.98
90.10881193 39.09705922 26214.03
90.09746848 39.09555046 26329.43
90.08615331 39.09404443 26444.06
90.07486591 39.09254111 26557.87
90.06348211 39.09102379 26671.98
90.05212550 39.08950884 26785.06
90.04079544 39.08799639 26897.01
90.02949125 39.08648664 27007.73
90.01821241 39.08497975 27117.16
90.00683640 39.08345912 27226.43
89.99548557 39.08194096 27334.28
89.98415941 39.08042501 27440.64
89.97285736 39.07891086 27545.41
89.96145769 39.07738209 27649.60
89.95008141 39.07585506 27751.99
89.93872801 39.07432988 27852.50
89.92739702 39.07280651 27951.09
89.91608802 39.07128499 28047.69
89.90480060 39.06976524 28142.27
89.89341458 39.06823122 28235.73
89.88204967 39.06669908 28327.00
89.87070553 39.06516862 28416.03
89.85938182 39.06363966 28502.78
89.84807812 39.06211215 28587.20
89.83667538 39.06057001 28670.08
89.82529232 39.05902932 28750.49
89.81392855 39.05749003 28828.38
89.80258372 39.05595200 28903.69
89.79125745 39.05441527 28976.39
89.77994939 39.05287992 29046.44
89.76854172 39.05132997 29114.49
89.75715211 39.04978129 29179.77
89.74578029 39.04823386 29242.28
89.73442601 39.04668771 29301.98
89.72308894 39.04514278 29358.83
89.71176879 39.04359906 29412.81
89.70034883 39.04204068 29464.40
89.68894557 39.04048346 29512.99
89.67755872 39.03892732 29558.55
89.66618800 39.03737219 29601.04
89.65483318 39.03581804 29640.45
89.64349405 39.03426486 29676.77
89.63217044 39.03271263 29709.97
89.62074684 39.03114551 29740.35
89.60933869 39.02957928 29767.52
89.59794581 39.02801389 29791.49
89.58656798 39.02644933 29812.24
89.57520502 39.02488556 29829.75
89.56385675 39.02332256 29844.00
89.55252298 39.02176028 29855.00
89.54120356 39.02019872 29862.72
89.52978421 39.01862211 29867.19
89.51837920 39.01704619 29868.32
89.50698839 39.01547098 29866.11
89.49561163 39.01389647 29860.54
89.48424882 39.01232267 29851.62
89.47289982 39.01074958 29839.36
89.46156453 39.00917720 29823.75
89.45024285 39.00760549 29804.82
89.43882165 39.00601870 29782.31
89.42741411 39.00443253 29756.41
89.41602012 39.00284700 29727.12
89.40463959 39.00126206 29694.45
89.39327243 38.99967766 29658.41
89.38191859 38.99809380 29619.00
89.37057797 38.99651052 29576.25
89.35925050 38.99492776 29530.16
89.34793611 38.99334544 29480.75
89.33663472 38.99176354 29428.01
89.32523456 38.99016643 29371.39
89.31384747 38.98856972 29311.39
89.30247335 38.98697342 29248.02
89.29111207 38.98537752 29181.27
89.27976355 38.98378197 29111.15
89.26842768 38.98218678 29037.66
89.25710442 38.98059194 28960.81
89.24579370 38.97899742 28880.63
89.23449549 38.97740325 28797.13
89.22320975 38.97580954 28710.34
89.21193639 38.97421634 28620.29
89.20067541 38.97262357 28526.97
89.18931652 38.97101568 28429.45
89.17797017 38.96940832 28328.66
89.16663634 38.96780146 28224.61
89.15531506 38.96619489 28117.32
89.14400637 38.96458843 28006.82
89.13271025 38.96298205 27893.14
89.12142670 38.96137585 27776.30
89.11015574 38.95976988 27656.33
89.09889743 38.95816397 27533.27
89.08765182 38.95655820 27407.17
89.07641885 38.95495281 27278.04
89.06519848 38.95334803 27145.92
89.05399077 38.95174376 27010.83
89.04279587 38.95013949 26872.81
89.03150540 38.94851951 26730.51
89.02022815 38.94689972 26585.32
89.00896413 38.94528051 26437.27
88.99771341 38.94366219 26286.45
88.98647622 38.94204425 26132.89
88.97525267 38.94042691 25976.66
88.96404284 38.93881047 25817.82
88.95284686 38.93719497 25656.42
88.94166494 38.93558034 25492.53
88.93049727 38.93396643 25326.21
88.91934401 38.93235328 25157.49
88.90820535 38.93074091 24986.43
88.89697451 38.92911417 24811.42
88.88575884 38.92748874 24634.14
88.87455879 38.92586374 24454.67
88.86337446 38.92423987 24273.09
88.85220605 38.92261735 24089.46
88.84105392 38.92099592 23903.86
88.82991842 38.91937556 23716.37
88.81879976 38.91775652 23527.07
88.80769837 38.91613823 23336.03
88.79661475 38.91452042 23143.34
88.78544382 38.91288867 22947.28
88.77429157 38.91125864 22749.75
88.76315847 38.90963029 22550.84
88.75204480 38.90800469 22350.67
88.74095117 38.90638103 22149.29
88.72987829 38.90475851 21946.82
88.71872228 38.90312316 21741.44
88.70758854 38.90148947 21535.18
88.69647765 38.89985793 21328.15
88.68539032 38.89822816 21120.46
88.67432726 38.89659987 20912.23
88.66318621 38.89495798 20701.71
88.65207129 38.89331891 20491.04
88.64098335 38.89168226 20280.40
88.62992316 38.89004849 20070.01
88.61878955 38.88840252 19858.19
88.60768651 38.88675822 19647.20
88.59661516 38.88511611 19437.26
88.58547516 38.88346320 19226.52
88.57436949 38.88181582 19015.82
88.56330147 38.88017328 18802.54
88.55227787 38.87853580 18583.38
88.54121088 38.87689042 18352.78
88.53021536 38.87525387 18109.75
88.51930457 38.87362686 17852.29
88.50839519 38.87199888 17576.08
88.49760320 38.87038561 17281.45
88.48685158 38.86877815 16963.78
88.47616133 38.86718326 16621.14
88.46564774 38.86561535 16255.17
88.45524515 38.86406114 15861.10
88.44498490 38.86252121 15437.16
88.43489659 38.86100409 14981.99
88.42501062 38.85951663 14494.63
88.41536286 38.85806265 13974.07
88.40591219 38.85663660 13414.97
88.39677534 38.85525534 12821.71
88.38792413 38.85391668 12189.06
88.37947796 38.85263873 11522.27
88.37141497 38.85141731 10817.02
88.36378999 38.85025784 10074.62
88.35665837 38.84916556 9297.14
88.35004140 38.84815268 8480.68
88.34401539 38.84723290 7628.36
88.33862971 38.84640743 6744.96
88.33391475 38.84568247 5829.55
88.32997129 38.84506672 4888.73
88.32685343 38.84456958 3924.68
88.32462140 38.84419985 2942.59
88.32329353 38.84397227 1948.53
88.32285248 38.84388887 1252.93
