0, -6.973468e-008, -1.190865e-007, 1.959794e-007 
6000, -1.775177e-007, -8.903217e-008, 1.409644e-007 
12000, -2.422619e-007, -3.681513e-008, 4.538082e-008 
18000, -2.461842e-007, 2.518703e-008, -6.811428e-008 
24000, -1.856798e-007, 8.181635e-008, -1.717745e-007 
30000, -7.261135e-008, 1.186246e-007, -2.391524e-007 
36000, 6.793196e-008, 1.253015e-007, -2.513753e-007 
42000, 2.029949e-007, 9.826340e-008, -2.018833e-007 
48000, 2.991206e-007, 4.179077e-008, -9.851172e-008 
54000, 3.301234e-007, -3.259031e-008, 3.764104e-008 
60000, 2.835362e-007, -1.084075e-007, 1.764226e-007 
66000, 1.642321e-007, -1.677713e-007, 2.850864e-007 
72000, -5.703467e-009, -1.953949e-007, 3.356502e-007 
78000, -1.909864e-007, -1.822300e-007, 3.115511e-007 
84000, -3.503142e-007, -1.278940e-007, 2.120889e-007 
90000, -4.452753e-007, -4.129548e-008, 5.357041e-008 
96000, -4.491075e-007, 6.076641e-008, -1.332535e-007 
102000, -3.533797e-007, 1.568213e-007, -3.090817e-007 
108000, -1.710331e-007, 2.251553e-007, -4.341671e-007 
114000, 6.506319e-008, 2.485468e-007, -4.769858e-007 
120000, 3.079641e-007, 2.183028e-007, -4.216254e-007 
126000, 5.058780e-007, 1.366909e-007, -2.722368e-007 
132000, 6.129772e-007, 1.716107e-008, -5.343971e-008 
138000, 5.995652e-007, -1.178075e-007, 1.936178e-007 
144000, 4.594121e-007, -2.409023e-007, 4.189404e-007 
150000, 2.125537e-007, -3.254394e-007, 5.736837e-007 
156000, -9.727188e-008, -3.510085e-007, 6.204866e-007 
162000, -4.102998e-007, -3.081273e-007, 5.419924e-007 
168000, -6.621912e-007, -2.008835e-007, 3.456831e-007 
174000, -7.970817e-007, -4.690708e-008, 6.383022e-008 
180000, -7.796058e-007, 1.254583e-007, -2.516833e-007 
186000, -6.033626e-007, 2.823462e-007, -5.388655e-007 
192000, -2.939025e-007, 3.909753e-007, -7.377107e-007 
198000, 9.465893e-008, 4.263915e-007, -8.025403e-007 
204000, 4.890248e-007, 3.769738e-007, -7.120827e-007 
210000, 8.104896e-007, 2.475234e-007, -4.751262e-007 
216000, 9.905197e-007, 5.918797e-008, -1.303814e-007 
222000, 9.850782e-007, -1.539152e-007, 2.597006e-007 
228000, 7.847440e-007, -3.508567e-007, 6.201987e-007 
234000, 4.183879e-007, -4.917240e-007, 8.780537e-007 
240000, -5.063186e-008, -5.456313e-007, 9.767294e-007 
246000, -5.353410e-007, -4.973138e-007, 8.882841e-007 
252000, -9.412383e-007, -3.509264e-007, 6.203229e-007 
258000, -1.184634e-006, -1.301626e-007, 2.162167e-007 
264000, -1.209690e-006, 1.254921e-007, -2.517569e-007 
270000, -1.000731e-006, 3.677998e-007, -6.952992e-007 
276000, -5.871780e-007, 5.488523e-007, -1.026714e-006 
282000, -3.982091e-008, 6.304875e-007, -1.176147e-006 
288000, 5.412011e-007, 5.922002e-007, -1.106064e-006 
294000, 1.044692e-006, 4.359263e-007, -8.200070e-007 
300000, 1.369624e-006, 1.866343e-007, -3.636820e-007 
306000, 1.445260e-006, -1.115619e-007, 1.821616e-007 
312000, 1.246179e-006, -4.031854e-007, 7.159740e-007 
318000, 7.990788e-007, -6.317063e-007, 1.134278e-006 
324000, 1.797055e-007, -7.504643e-007, 1.351662e-006 
330000, -4.998657e-007, -7.320999e-007, 1.318046e-006 
336000, -1.111488e-006, -5.746027e-007, 1.029748e-006 
342000, -1.535080e-006, -3.026767e-007, 5.319900e-007 
348000, -1.682099e-006, 3.601239e-008, -8.797701e-008 
354000, -1.513786e-006, 3.791662e-007, -7.161168e-007 
360000, -1.050450e-006, 6.613079e-007, -1.232574e-006 
366000, -3.697049e-007, 8.262562e-007, -1.534511e-006 
372000, 4.064026e-007, 8.382477e-007, -1.556462e-006 
378000, 1.133249e-006, 6.895136e-007, -1.284207e-006 
384000, 1.670577e-006, 4.027351e-007, -7.592634e-007 
390000, 1.909504e-006, 2.773413e-008, -7.282956e-008 
396000, 1.794400e-006, -3.671506e-007, 6.500013e-007 
402000, 1.335274e-006, -7.075165e-007, 1.273036e-006 
408000, 6.079928e-007, -9.269098e-007, 1.674632e-006 
414000, -2.580949e-007, -9.797596e-007, 1.771372e-006 
420000, -1.103140e-006, -8.507236e-007, 1.535172e-006 
426000, -1.766301e-006, -5.585466e-007, 1.000345e-006 
432000, -2.116335e-006, -1.535316e-007, 2.589692e-007 
438000, -2.077454e-006, 2.910828e-007, -5.548928e-007 
444000, -1.645373e-006, 6.923662e-007, -1.289438e-006 
450000, -8.902013e-007, 9.731695e-007, -1.803446e-006 
456000, 5.472493e-008, 1.076937e-006, -1.993392e-006 
462000, 1.016361e-006, 9.790194e-007, -1.814156e-006 
468000, 1.813658e-006, 6.922350e-007, -1.289201e-006 
474000, 2.291652e-006, 2.654681e-007, -5.080106e-007 
480000, 2.351522e-006, -2.246154e-007, 3.890804e-007 
486000, 1.970784e-006, -6.873416e-007, 1.236094e-006 
492000, 1.209550e-006, -1.034816e-006, 1.872142e-006 
498000, 2.012906e-007, -1.198617e-006, 2.171976e-006 
504000, -8.705257e-007, -1.143221e-006, 2.070574e-006 
510000, -1.805839e-006, -8.735391e-007, 1.576923e-006 
516000, -2.425365e-006, -4.349857e-007, 7.741554e-007 
522000, -2.604940e-006, 9.410640e-008, -1.943421e-007 
528000, -2.300264e-006, 6.164776e-007, -1.150537e-006 
534000, -1.557139e-006, 1.033836e-006, -1.914508e-006 
540000, -5.049318e-007, 1.265363e-006, -2.338316e-006 
546000, 6.658959e-007, 1.263342e-006, -2.334617e-006 
552000, 1.738282e-006, 1.022891e-006, -1.894476e-006 
558000, 2.508847e-006, 5.838384e-007, -1.090796e-006 
564000, 2.826478e-006, 2.419882e-008, -6.638339e-008 
570000, 2.621888e-006, -5.536808e-007, 9.914172e-007 
576000, 1.922390e-006, -1.041858e-006, 1.885019e-006 
582000, 8.487775e-007, -1.346979e-006, 2.443538e-006 
588000, -4.054554e-007, -1.408126e-006, 2.555467e-006 
594000, -1.609009e-006, -1.208929e-006, 2.190838e-006 
600000, -2.535484e-006, -7.815288e-007, 1.408486e-006 
606000, -3.006002e-006, -2.014951e-007, 3.467402e-007 
612000, -2.923726e-006, 4.255232e-007, -8.010101e-007 
618000, -2.293608e-006, 9.830615e-007, -1.821578e-006 
624000, -1.223370e-006, 1.365498e-006, -2.521624e-006 
630000, 9.480705e-008, 1.498078e-006, -2.764311e-006 
636000, 1.418807e-006, 1.351502e-006, -2.496006e-006 
642000, 2.501102e-006, 9.482411e-007, -1.757843e-006 
648000, 3.135086e-006, 3.592347e-007, -6.796753e-007 
654000, 3.194534e-006, -3.085684e-007, 5.427291e-007 
660000, 2.658647e-006, -9.316470e-007, 1.683266e-006 
666000, 1.617728e-006, -1.392785e-006, 2.527373e-006 
672000, 2.581059e-007, -1.603150e-006, 2.912443e-006 
678000, -1.171226e-006, -1.519405e-006, 2.759146e-006 
684000, -2.404256e-006, -1.152561e-006, 2.087643e-006 
690000, -3.207536e-006, -5.667798e-007, 1.015376e-006 
696000, -3.424423e-006, 1.318244e-007, -2.634110e-007 
702000, -3.005609e-006, 8.144180e-007, -1.512891e-006 
708000, -2.019973e-006, 1.353240e-006, -2.499198e-006 
714000, -6.434432e-007, 1.645547e-006, -3.034264e-006 
720000, 8.723973e-007, 1.633227e-006, -3.011713e-006 
726000, 2.246334e-006, 1.314320e-006, -2.427960e-006 
732000, 3.219767e-006, 7.441853e-007, -1.384336e-006 
738000, 3.605457e-006, 2.592835e-008, -6.957604e-008 
744000, 3.323562e-006, -7.082497e-007, 1.274327e-006 
750000, 2.418039e-006, -1.321416e-006, 2.396720e-006 
756000, 1.050053e-006, -1.697485e-006, 3.085109e-006 
762000, -5.306721e-007, -1.763227e-006, 3.205446e-006 
768000, -2.031478e-006, -1.502528e-006, 2.728239e-006 
774000, -3.171029e-006, -9.601313e-007, 1.735389e-006 
780000, -3.732136e-006, -2.340134e-007, 4.062377e-007 
786000, -3.603208e-006, 5.423152e-007, -1.014823e-006 
792000, -2.800413e-006, 1.224383e-006, -2.263341e-006 
798000, -1.466165e-006, 1.683683e-006, -3.104085e-006 
804000, 1.560913e-007, 1.831927e-006, -3.375444e-006 
810000, 1.766314e-006, 1.638034e-006, -3.020527e-006 
816000, 3.063432e-006, 1.134600e-006, -2.098997e-006 
822000, 3.801723e-006, 4.124877e-007, -7.771810e-007 
828000, 3.837447e-006, -3.955569e-007, 7.019339e-007 
834000, 3.156858e-006, -1.139331e-006, 2.063402e-006 
840000, 1.880142e-006, -1.679131e-006, 3.051499e-006 
846000, 2.402743e-007, -1.912040e-006, 3.477836e-006 
852000, -1.459493e-006, -1.791584e-006, 3.257340e-006 
858000, -2.901770e-006, -1.337002e-006, 2.425233e-006 
864000, -3.814381e-006, -6.302868e-007, 1.131599e-006 
870000, -4.021819e-006, 1.985853e-007, -3.856425e-007 
876000, -3.479067e-006, 9.955699e-007, -1.844514e-006 
882000, -2.281251e-006, 1.611216e-006, -2.971447e-006 
888000, -6.470781e-007, 1.928734e-006, -3.552661e-006 
894000, 1.121076e-006, 1.886201e-006, -3.474805e-006 
900000, 2.693153e-006, 1.488654e-006, -2.747101e-006 
906000, 3.773108e-006, 8.077324e-007, -1.500684e-006 
912000, 4.154747e-006, -3.120063e-008, 3.497164e-008 
918000, 3.761195e-006, -8.721385e-007, 1.574297e-006 
924000, 2.660389e-006, -1.557466e-006, 2.828779e-006 
930000, 1.053498e-006, -1.957541e-006, 3.561111e-006 
936000, -7.617935e-007, -1.995270e-006, 3.630172e-006 
942000, -2.446448e-006, -1.660998e-006, 3.018292e-006 
948000, -3.683459e-006, -1.014851e-006, 1.835527e-006 
954000, -4.237596e-006, -1.759627e-007, 2.999507e-007 
960000, -4.000234e-006, 6.994774e-007, -1.302533e-006 
966000, -3.010716e-006, 1.447315e-006, -2.671442e-006 
972000, -1.450030e-006, 1.926249e-006, -3.548124e-006 
978000, 3.922257e-007, 2.044573e-006, -3.764715e-006 
984000, 2.171563e-006, 1.777784e-006, -3.276364e-006 
990000, 3.553062e-006, 1.173665e-006, -2.170532e-006 
996000, 4.274490e-006, 3.437813e-007, -6.514406e-007 
1002000, 4.196176e-006, -5.570929e-007, 9.975978e-007 
1008000, 3.328146e-006, -1.359841e-006, 2.467017e-006 
1014000, 1.829220e-006, -1.912772e-006, 3.479150e-006 
1020000, -2.194290e-008, -2.110330e-006, 3.840777e-006 
1026000, -1.878612e-006, -1.913289e-006, 3.480094e-006 
1032000, -3.390933e-006, -1.356575e-006, 2.461035e-006 
1038000, -4.271910e-006, -5.431515e-007, 9.720727e-007 
1044000, -4.351957e-006, 3.749867e-007, -7.085687e-007 
1050000, -3.611641e-006, 1.225198e-006, -2.264871e-006 
1056000, -2.186278e-006, 1.846665e-006, -3.402460e-006 
1062000, -3.413213e-007, 2.120845e-006, -3.904343e-006 
1068000, 1.577000e-006, 1.994120e-006, -3.672376e-006 
1074000, 3.206631e-006, 1.488330e-006, -2.746534e-006 
1080000, 4.238053e-006, 6.970935e-007, -1.298187e-006 
1086000, 4.473131e-006, -2.314649e-007, 4.015270e-007 
1092000, 3.863269e-006, -1.122416e-006, 2.032401e-006 
1098000, 2.519498e-006, -1.806970e-006, 3.285468e-006 
1104000, 6.924048e-007, -2.154471e-006, 3.921563e-006 
1110000, -1.274499e-006, -2.097364e-006, 3.817028e-006 
1116000, -3.009297e-006, -1.644371e-006, 2.987830e-006 
1122000, -4.181986e-006, -8.792905e-007, 1.587358e-006 
1128000, -4.567283e-006, 5.444281e-008, -1.218300e-007 
1134000, -4.087973e-006, 9.806017e-007, -1.817153e-006 
1140000, -2.830445e-006, 1.723401e-006, -3.176840e-006 
1146000, -1.029279e-006, 2.140859e-006, -3.940992e-006 
1152000, 9.763879e-007, 2.151952e-006, -3.961299e-006 
1158000, 2.806624e-006, 1.752373e-006, -3.229876e-006 
1164000, 4.112625e-006, 1.015818e-006, -1.881620e-006 
1170000, 4.643182e-006, 8.045899e-008, -1.694589e-007 
1176000, 4.293040e-006, -8.769111e-007, 1.582994e-006 
1182000, 3.123820e-006, -1.674258e-006, 3.042527e-006 
1188000, 1.353355e-006, -2.158892e-006, 3.929642e-006 
1194000, -6.847524e-007, -2.236706e-006, 4.072079e-006 
1200000, -2.603876e-006, -1.890463e-006, 3.438284e-006 
1206000, -4.037618e-006, -1.183579e-006, 2.144341e-006 
1212000, -4.709714e-006, -2.485799e-007, 4.328359e-007 
1218000, -4.487256e-006, 7.376786e-007, -1.372499e-006 
1224000, -3.406988e-006, 1.587408e-006, -2.927920e-006 
1230000, -1.669465e-006, 2.137601e-006, -3.935041e-006 
1236000, 3.980396e-007, 2.281273e-006, -4.198033e-006 
1242000, 2.403039e-006, 1.988264e-006, -3.661684e-006 
1248000, 3.962226e-006, 1.311532e-006, -2.422936e-006 
1254000, 4.774658e-006, 3.776604e-007, -7.134958e-007 
1260000, 4.679786e-006, -6.367581e-007, 1.143384e-006 
1266000, 3.689141e-006, -1.538445e-006, 2.793910e-006 
1272000, 1.985441e-006, -2.154205e-006, 3.921050e-006 
1278000, -1.109730e-007, -2.364146e-006, 4.305343e-006 
1284000, -2.202236e-006, -2.124989e-006, 3.867568e-006 
1290000, -3.888319e-006, -1.478940e-006, 2.684982e-006 
1296000, -4.843428e-006, -5.463212e-007, 9.778344e-007 
1302000, -4.878842e-006, 4.967788e-007, -9.315483e-007 
1308000, -3.980111e-006, 1.451683e-006, -2.679489e-006 
1314000, -2.311285e-006, 2.134896e-006, -3.930104e-006 
1320000, -1.850935e-007, 2.413304e-006, -4.439726e-006 
1326000, 1.995527e-006, 2.230042e-006, -4.104270e-006 
1332000, 3.813648e-006, 1.616044e-006, -2.980354e-006 
1338000, 4.917912e-006, 6.849071e-007, -1.275920e-006 
1344000, 5.090279e-006, -3.880672e-007, 6.881449e-007 
1350000, 4.288934e-006, -1.398814e-006, 2.538303e-006 
1356000, 2.657912e-006, -2.153241e-006, 3.919272e-006 
1362000, 5.013316e-007, -2.504421e-006, 4.562103e-006 
1368000, -1.773210e-006, -2.381128e-006, 4.336415e-006 
1374000, -3.731532e-006, -1.802177e-006, 3.276650e-006 
1380000, -4.995585e-006, -8.737146e-007, 1.577111e-006 
1386000, -5.316259e-006, 2.301987e-007, -4.435894e-007 
1392000, -4.622271e-006, 1.300170e-006, -2.402160e-006 
1398000, -3.035590e-006, 2.131123e-006, -3.923210e-006 
1404000, -8.501164e-007, 2.561518e-006, -4.711044e-006 
1410000, 1.522677e-006, 2.504662e-006, -4.606970e-006 
1416000, 3.631106e-006, 1.966047e-006, -3.621043e-006 
1422000, 5.069100e-006, 1.043275e-006, -1.931921e-006 
1428000, 5.554224e-006, -9.159518e-008, 1.454443e-007 
1434000, 4.982916e-006, -1.224097e-006, 2.218474e-006 
1440000, 3.452192e-006, -2.137825e-006, 3.891041e-006 
1446000, 1.243319e-006, -2.655712e-006, 4.839026e-006 
1452000, -1.229820e-006, -2.674238e-006, 4.872936e-006 
1458000, -3.498201e-006, -2.183989e-006, 3.975542e-006 
1464000, -5.126482e-006, -1.272501e-006, 2.307073e-006 
1470000, -5.796373e-006, -1.086522e-007, 1.766614e-007 
1476000, -5.368617e-006, 1.088605e-006, -2.014903e-006 
1482000, -3.911542e-006, 2.091398e-006, -3.850506e-006 
1488000, -1.690406e-006, 2.706243e-006, -4.975973e-006 
1494000, 8.808790e-007, 2.811277e-006, -5.168236e-006 
1500000, 3.316847e-006, 2.380276e-006, -4.379295e-006 
1506000, 5.152048e-006, 1.488747e-006, -2.747363e-006 
1512000, 6.029840e-006, 3.007233e-007, -5.727008e-007 
1518000, 5.771467e-006, -9.614131e-007, 1.737624e-006 
1524000, 4.412101e-006, -2.058543e-006, 3.745906e-006 
1530000, 2.196623e-006, -2.780071e-006, 5.066653e-006 
1536000, -4.644940e-007, -2.984265e-006, 5.440428e-006 
1542000, -3.071243e-006, -2.625981e-006, 4.784591e-006 
1548000, -5.127998e-006, -1.766339e-006, 3.211028e-006 
1554000, -6.237644e-006, -5.623539e-007, 1.007146e-006 
1560000, -6.178067e-006, 7.617660e-007, -1.416640e-006 
1566000, -4.946297e-006, 1.956373e-006, -3.603353e-006 
1572000, -2.761579e-006, 2.793430e-006, -5.135578e-006 
1578000, -2.634678e-008, 3.109990e-006, -5.715037e-006 
1584000, 2.747952e-006, 2.839806e-006, -5.220469e-006 
1590000, 5.036505e-006, 2.026984e-006, -3.732610e-006 
1596000, 6.400368e-006, 8.188743e-007, -1.521180e-006 
1602000, 6.570521e-006, -5.606647e-007, 1.004048e-006 
1608000, 5.500682e-006, -1.852771e-006, 3.369232e-006 
1614000, 3.378533e-006, -2.812160e-006, 5.125381e-006 
1620000, 5.928198e-007, -3.253662e-006, 5.933545e-006 
1626000, -2.337935e-006, -3.087890e-006, 5.630100e-006 
1632000, -4.862007e-006, -2.339173e-006, 4.259582e-006 
1638000, -6.498346e-006, -1.142197e-006, 2.068532e-006 
1644000, -6.928188e-006, 2.822473e-007, -5.388973e-007 
1650000, -6.056974e-006, 1.668033e-006, -3.075561e-006 
1656000, -4.034565e-006, 2.753445e-006, -5.062396e-006 
1662000, -1.229535e-006, 3.330612e-006, -6.118894e-006 
1668000, 1.838082e-006, 3.285274e-006, -6.035904e-006 
1674000, 4.593298e-006, 2.619296e-006, -4.816840e-006 
1680000, 6.514009e-006, 1.451498e-006, -2.679201e-006 
1686000, 7.229925e-006, -3.555445e-009, -1.574455e-008 
1692000, 6.593859e-006, -1.475028e-006, 2.677766e-006 
1698000, 4.711655e-006, -2.686270e-006, 4.894930e-006 
1704000, 1.924729e-006, -3.406863e-006, 6.213967e-006 
1710000, -1.251938e-006, -3.496443e-006, 6.377940e-006 
1716000, -4.225070e-006, -2.931979e-006, 5.344695e-006 
1722000, -6.434000e-006, -1.813217e-006, 3.296814e-006 
1728000, -7.456458e-006, -3.450527e-007, 6.093559e-007 
1734000, -7.089260e-006, 1.200041e-006, -2.218920e-006 
1740000, -5.388511e-006, 2.532639e-006, -4.658224e-006 
1746000, -2.661366e-006, 3.400628e-006, -6.247068e-006 
1752000, 5.894879e-007, 3.636928e-006, -6.679614e-006 
1758000, 3.758609e-006, 3.191631e-006, -5.864504e-006 
1764000, 6.250688e-006, 2.142381e-006, -3.943867e-006 
1770000, 7.592474e-006, 6.808658e-007, -1.268582e-006 
1776000, 7.522682e-006, -9.222458e-007, 1.665893e-006 
1782000, 6.042805e-006, -2.367491e-006, 4.311395e-006 
1788000, 3.418943e-006, -3.382614e-006, 6.169565e-006 
1794000, 1.339370e-007, -3.773904e-006, 6.885815e-006 
1800000, -3.201583e-006, -3.463167e-006, 6.317014e-006 
1806000, -5.962844e-006, -2.503294e-006, 4.559978e-006 
1812000, -7.628086e-006, -1.069317e-006, 1.935100e-006 
1818000, -7.877242e-006, 5.735303e-007, -1.072113e-006 
1824000, -6.653462e-006, 2.118933e-006, -3.900955e-006 
1830000, -4.175666e-006, 3.276673e-006, -6.020184e-006 
1836000, -8.994046e-007, 3.827191e-006, -7.027902e-006 
1842000, 2.566979e-006, 3.663267e-006, -6.727842e-006 
1848000, 5.575432e-006, 2.810892e-006, -5.167581e-006 
1854000, 7.559493e-006, 1.425276e-006, -2.631230e-006 
1860000, 8.141075e-006, -2.374230e-007, 4.123195e-007 
1866000, 7.202588e-006, -1.867502e-006, 3.396157e-006 
1872000, 4.910620e-006, -3.159463e-006, 5.761075e-006 
1878000, 1.686443e-006, -3.869339e-006, 7.060494e-006 
1884000, -1.871467e-006, -3.860819e-006, 7.044898e-006 
1890000, -5.098628e-006, -3.131450e-006, 5.709796e-006 
1896000, -7.388791e-006, -1.813868e-006, 3.297977e-006 
1902000, -8.307975e-006, -1.516909e-007, 2.553806e-007 
1908000, -7.676814e-006, 1.545559e-006, -2.851416e-006 
1914000, -5.605584e-006, 2.960149e-006, -5.440806e-006 
1920000, -2.475062e-006, 3.825682e-006, -7.025155e-006 
1926000, 1.133487e-006, 3.977339e-006, -7.302763e-006 
1932000, 4.546311e-006, 3.383306e-006, -6.215393e-006 
1938000, 7.123098e-006, 2.151410e-006, -3.960424e-006 
1944000, 8.377249e-006, 5.095743e-007, -9.550649e-007 
1950000, 8.067907e-006, -1.236364e-006, 2.240853e-006 
1956000, 6.246294e-006, -2.759668e-006, 5.029242e-006 
1962000, 3.247442e-006, -3.773910e-006, 6.885798e-006 
1968000, -3.713962e-007, -4.086896e-006, 7.458713e-006 
1974000, -3.934339e-006, -3.637146e-006, 6.635450e-006 
1980000, -6.773207e-006, -2.505997e-006, 4.564895e-006 
1986000, -8.352966e-006, -9.029371e-007, 1.630513e-006 
1992000, -8.372698e-006, 8.731845e-007, -1.620657e-006 
1998000, -6.823044e-006, 2.489899e-006, -4.580034e-006 
2004000, -3.989108e-006, 3.643401e-006, -6.691506e-006 
2010000, -3.980748e-007, 4.115702e-006, -7.556049e-006 
2016000, 3.278871e-006, 3.815893e-006, -7.007252e-006 
2022000, 6.352055e-006, 2.797686e-006, -5.143438e-006 
2028000, 8.242786e-006, 1.249858e-006, -2.310159e-006 
2034000, 8.592455e-006, -5.387305e-007, 9.638283e-007 
2040000, 7.330683e-006, -2.233050e-006, 4.065258e-006 
2046000, 4.689532e-006, -3.514696e-006, 6.411294e-006 
2052000, 1.160923e-006, -4.141777e-006, 7.559158e-006 
2058000, -2.594963e-006, -3.994632e-006, 7.289809e-006 
2064000, -5.873225e-006, -3.098719e-006, 5.649851e-006 
2070000, -8.056621e-006, -1.620294e-006, 2.943611e-006 
2076000, -8.731897e-006, 1.644055e-007, -3.232608e-007 
2082000, -7.768129e-006, 1.920769e-006, -3.538263e-006 
2088000, -5.342205e-006, 3.318564e-006, -6.096911e-006 
2094000, -1.906475e-006, 4.094071e-006, -7.516468e-006 
2100000, 1.895541e-006, 4.099890e-006, -7.527122e-006 
2106000, 5.349677e-006, 3.333016e-006, -6.123369e-006 
2112000, 7.805322e-006, 1.935816e-006, -3.565812e-006 
2118000, 8.798048e-006, 1.696459e-007, -3.328603e-007 
2124000, 8.137562e-006, -1.634016e-006, 2.968720e-006 
2130000, 5.944288e-006, -3.135785e-006, 5.717689e-006 
2136000, 2.627538e-006, -4.052255e-006, 7.395274e-006 
2142000, -1.190790e-006, -4.209521e-006, 7.683147e-006 
2148000, -4.792788e-006, -3.576237e-006, 6.523927e-006 
2154000, -7.499528e-006, -2.269891e-006, 4.132675e-006 
2160000, -8.799088e-006, -5.350647e-007, 9.570970e-007 
2166000, -8.443459e-006, 1.302325e-006, -2.406223e-006 
2172000, -6.495977e-006, 2.896245e-006, -5.323875e-006 
2178000, -3.320186e-006, 3.945722e-006, -7.244931e-006 
2184000, 4.879305e-007, 4.251704e-006, -7.805028e-006 
2190000, 4.211733e-006, 3.754854e-006, -6.895552e-006 
2196000, 7.148774e-006, 2.547098e-006, -4.684770e-006 
2202000, 8.743329e-006, 8.546724e-007, -1.586806e-006 
2208000, 8.691608e-006, -1.004216e-006, 1.815865e-006 
2214000, 6.999714e-006, -2.679191e-006, 4.881885e-006 
2220000, 3.983281e-006, -3.853747e-006, 7.031894e-006 
2226000, 2.086918e-007, -4.305066e-006, 7.858027e-006 
2232000, -3.613193e-006, -3.946319e-006, 7.201346e-006 
2238000, -6.760866e-006, -2.843407e-006, 5.182477e-006 
2244000, -8.638377e-006, -1.202905e-006, 2.179558e-006 
2250000, -8.888194e-006, 6.665800e-007, -1.242513e-006 
2256000, -7.459346e-006, 2.412433e-006, -4.438276e-006 
2262000, -4.617848e-006, 3.704520e-006, -6.803426e-006 
2268000, -8.972775e-007, 4.297615e-006, -7.889081e-006 
2274000, 3.001335e-006, 4.077959e-006, -7.487004e-006 
2280000, 6.341531e-006, 3.085099e-006, -5.669588e-006 
2286000, 8.490513e-006, 1.504831e-006, -2.776927e-006 
2292000, 9.039025e-006, -3.655298e-007, 6.467452e-007 
2298000, 7.879322e-006, -2.173044e-006, 3.955377e-006 
2304000, 5.226370e-006, -3.575723e-006, 6.522962e-006 
2310000, 1.578090e-006, -4.307216e-006, 7.861951e-006 
2316000, -2.378006e-006, -4.227396e-006, 7.715839e-006 
2322000, -5.894298e-006, -3.349205e-006, 6.108321e-006 
2328000, -8.304291e-006, -1.836651e-006, 3.339610e-006 
2334000, -9.148916e-006, 2.578141e-008, -6.955142e-008 
2340000, -8.263980e-006, 1.886601e-006, -3.475761e-006 
2346000, -5.812095e-006, 3.393608e-006, -6.234319e-006 
2352000, -2.252886e-006, 4.260530e-006, -7.821209e-006 
2358000, 1.743084e-006, 4.321392e-006, -7.932617e-006 
2364000, 5.420576e-006, 3.562291e-006, -6.543094e-006 
2370000, 8.082336e-006, 2.124498e-006, -3.911231e-006 
2376000, 9.221253e-006, 2.781986e-007, -5.316040e-007 
2382000, 8.616939e-006, -1.628234e-006, 2.958096e-006 
2388000, 6.378369e-006, -3.233938e-006, 5.897318e-006 
2394000, 2.924313e-006, -4.233839e-006, 7.727623e-006 
2400000, -1.094927e-006, -4.436583e-006, 8.098743e-006 
2406000, -4.919876e-006, -3.801146e-006, 6.935583e-006 
2412000, -7.825314e-006, -2.445106e-006, 4.453366e-006 
2418000, -9.257712e-006, -6.229133e-007, 1.117865e-006 
2424000, -8.940637e-006, 1.321814e-006, -2.441935e-006 
2430000, -6.928063e-006, 3.021054e-006, -5.552375e-006 
2436000, -3.595312e-006, 4.151988e-006, -7.622536e-006 
2442000, 4.308819e-007, 4.498293e-006, -8.256445e-006 
2448000, 4.390158e-006, 3.991498e-006, -7.328763e-006 
2454000, 7.532047e-006, 2.724485e-006, -5.009511e-006 
2460000, 9.258138e-006, 9.344960e-007, -1.732960e-006 
2466000, 9.235986e-006, -1.041261e-006, 1.883638e-006 
2472000, 7.463075e-006, -2.829105e-006, 5.156264e-006 
2478000, 4.268556e-006, -4.089515e-006, 7.463429e-006 
2484000, 2.521802e-007, -4.581571e-006, 8.364130e-006 
2490000, -3.828242e-006, -4.208965e-006, 7.682078e-006 
2496000, -7.199746e-006, -3.038813e-006, 5.540129e-006 
2502000, -9.220556e-006, -1.289595e-006, 2.338205e-006 
2508000, -9.502164e-006, 7.096229e-007, -1.321339e-006 
2514000, -7.983936e-006, 2.581057e-006, -4.746976e-006 
2520000, -4.945943e-006, 3.969560e-006, -7.288615e-006 
2526000, -9.573271e-007, 4.609976e-006, -8.460891e-006 
2532000, 3.230283e-006, 4.377733e-006, -8.035773e-006 
2538000, 6.824341e-006, 3.313024e-006, -6.086837e-006 
2544000, 9.141301e-006, 1.613900e-006, -2.976612e-006 
2550000, 9.736528e-006, -4.005616e-007, 7.108348e-007 
2556000, 8.489522e-006, -2.350151e-006, 4.279534e-006 
2562000, 5.628154e-006, -3.865257e-006, 7.052915e-006 
2568000, 1.687050e-006, -4.656892e-006, 8.501994e-006 
2574000, -2.592277e-006, -4.571773e-006, 8.346184e-006 
2580000, -6.400888e-006, -3.621941e-006, 6.607527e-006 
2586000, -9.015262e-006, -1.983228e-006, 3.607881e-006 
2592000, -9.934651e-006, 3.728952e-008, -9.065178e-008 
2598000, -8.976880e-006, 2.058816e-006, -3.791032e-006 
2604000, -6.314297e-006, 3.698580e-006, -6.792601e-006 
2610000, -2.442787e-006, 4.644272e-006, -8.523679e-006 
2616000, 1.910575e-006, 4.713477e-006, -8.650359e-006 
2622000, 5.924034e-006, 3.888804e-006, -7.140806e-006 
2628000, 8.836215e-006, 2.321953e-006, -4.272704e-006 
2634000, 1.009047e-005, 3.058067e-007, -5.821746e-007 
2640000, 9.441163e-006, -1.780306e-006, 3.236428e-006 
2646000, 7.001642e-006, -3.541966e-006, 6.461125e-006 
2652000, 3.224499e-006, -4.644203e-006, 8.478754e-006 
2658000, -1.182392e-006, -4.875138e-006, 8.901478e-006 
2664000, -5.388527e-006, -4.186661e-006, 7.641227e-006 
2670000, -8.597246e-006, -2.704315e-006, 4.927812e-006 
2676000, -1.019654e-005, -7.044122e-007, 1.267013e-006 
2682000, -9.875687e-006, 1.437483e-006, -2.653701e-006 
2688000, -7.685460e-006, 3.317069e-006, -6.094261e-006 
2694000, -4.030324e-006, 4.577600e-006, -8.401647e-006 
2700000, 4.062810e-007, 4.977552e-006, -9.133757e-006 
2706000, 4.789738e-006, 4.436850e-006, -8.144009e-006 
2712000, 8.291236e-006, 3.052795e-006, -5.610514e-006 
2718000, 1.024442e-005, 1.082562e-006, -2.004026e-006 
2724000, 1.027211e-005, -1.104601e-006, 1.999548e-006 
2730000, 8.358985e-006, -3.096573e-006, 5.645827e-006 
2736000, 4.856323e-006, -4.516001e-006, 8.244072e-006 
2742000, 4.174353e-007, -5.091755e-006, 9.297981e-006 
2748000, -4.124190e-006, -4.710661e-006, 8.600392e-006 
2754000, -7.911397e-006, -3.439668e-006, 6.273854e-006 
2760000, -1.022509e-005, -1.514105e-006, 2.749134e-006 
2766000, -1.062070e-005, 7.059083e-007, -1.314574e-006 
2772000, -9.013493e-006, 2.802821e-006, -5.152947e-006 
2778000, -5.696331e-006, 4.380182e-006, -8.040289e-006 
2784000, -1.286318e-006, 5.137574e-006, -9.426686e-006 
2790000, 3.390057e-006, 4.927783e-006, -9.042668e-006 
2796000, 7.451835e-006, 3.785344e-006, -6.951447e-006 
2802000, 1.012952e-005, 1.920926e-006, -3.538653e-006 
2808000, 1.091082e-005, -3.175336e-007, 5.588182e-007 
2814000, 9.638524e-006, -2.509781e-006, 4.571699e-006 
2820000, 6.541947e-006, -4.242152e-006, 7.742782e-006 
2826000, 2.195564e-006, -5.185618e-006, 9.469784e-006 
2832000, -2.587605e-006, -5.158242e-006, 9.419672e-006 
2838000, -6.908117e-006, -4.160209e-006, 7.592784e-006 
2844000, -9.949247e-006, -2.374676e-006, 4.324387e-006 
2850000, -1.113134e-005, -1.341435e-007, 2.231185e-007 
2856000, -1.022224e-005, 2.141490e-006, -3.942402e-006 
2862000, -7.382663e-006, 4.023639e-006, -7.387653e-006 
2868000, -3.137883e-006, 5.155746e-006, -9.459963e-006 
2874000, 1.719545e-006, 5.320813e-006, -9.762117e-006 
2880000, 6.277798e-006, 4.482944e-006, -8.228408e-006 
2886000, 9.676983e-006, 2.794970e-006, -5.138593e-006 
2892000, 1.127135e-005, 5.705551e-007, -1.066830e-006 
2898000, 1.075189e-005, -1.774118e-006, 3.225065e-006 
2904000, 8.206151e-006, -3.798244e-006, 6.930202e-006 
2910000, 4.103538e-006, -5.119276e-006, 9.348333e-006 
2916000, -7.912580e-007, -5.485218e-006, 1.001818e-005 
2922000, -5.560871e-006, -4.822665e-006, 8.805387e-006 
2928000, -9.307238e-006, -3.251430e-006, 5.929261e-006 
2934000, -1.132071e-005, -1.062877e-006, 1.923140e-006 
2940000, -1.121446e-005, 1.334147e-006, -2.464583e-006 
2946000, -8.998705e-006, 3.489717e-006, -6.410329e-006 
2952000, -5.080546e-006, 4.997306e-006, -9.169953e-006 
2958000, -1.891333e-007, 5.570459e-006, -1.021910e-005 
2964000, 4.760109e-006, 5.097204e-006, -9.352819e-006 
2970000, 8.836862e-006, 3.661873e-006, -6.725463e-006 
2976000, 1.127083e-005, 1.530077e-006, -2.823237e-006 
2982000, 1.159731e-005, -9.004717e-007, 1.625851e-006 
2988000, 9.745821e-006, -3.174194e-006, 5.787870e-006 
2994000, 6.055060e-006, -4.863071e-006, 8.879337e-006 
3000000, 1.210877e-006, -5.647232e-006, 1.031473e-005 
3006000, -3.881238e-006, -5.375540e-006, 9.817404e-006 
3012000, -8.265489e-006, -4.094683e-006, 7.472811e-006 
3018000, -1.111524e-005, -2.041198e-006, 3.713930e-006 
3024000, -1.188892e-005, 4.022414e-007, -7.587572e-007 
3030000, -1.043290e-005, 2.778171e-006, -5.107867e-006 
3036000, -7.011913e-006, 4.640021e-006, -8.515963e-006 
3042000, -2.260893e-006, 5.636084e-006, -1.033924e-005 
3048000, 2.932941e-006, 5.575961e-006, -1.022919e-005 
3054000, 7.595835e-006, 4.466947e-006, -8.199157e-006 
3060000, 1.085015e-005, 2.513395e-006, -4.623205e-006 
3066000, 1.207960e-005, 7.903851e-008, -1.671459e-007 
3072000, 1.104599e-005, -2.380764e-006, 4.335492e-006 
3078000, 7.935308e-006, -4.404249e-006, 8.039455e-006 
3084000, 3.324269e-006, -5.609967e-006, 1.024651e-005 
3090000, -1.926632e-006, -5.768718e-006, 1.053710e-005 
3096000, -6.833803e-006, -4.847127e-006, 8.850135e-006 
3102000, -1.047488e-005, -3.014574e-006, 5.495668e-006 
3108000, -1.216218e-005, -6.120561e-007, 1.097886e-006 
3114000, -1.157263e-005, 1.911294e-006, -3.521075e-006 
3120000, -8.809606e-006, 4.082208e-006, -7.494909e-006 
3126000, -4.384923e-006, 5.492094e-006, -1.007569e-005 
3132000, 8.760414e-007, 5.873971e-006, -1.077471e-005 
3138000, 5.988368e-006, 5.153048e-006, -9.455071e-006 
3144000, 9.992074e-006, 3.461355e-006, -6.358449e-006 
3150000, 1.213247e-005, 1.113570e-006, -2.060858e-006 
3156000, 1.200250e-005, -1.451539e-006, 2.634540e-006 
3162000, 9.620166e-006, -3.753146e-006, 6.847604e-006 
3168000, 5.426398e-006, -5.358549e-006, 9.786272e-006 
3174000, 2.034105e-007, -5.964554e-006, 1.089556e-005 
3180000, -5.071235e-006, -5.454777e-006, 9.962414e-006 
3186000, -9.407685e-006, -3.922004e-006, 7.156691e-006 
3192000, -1.198964e-005, -1.651324e-006, 3.000237e-006 
3198000, -1.232813e-005, 9.329070e-007, -1.730166e-006 
3204000, -1.035416e-005, 3.346398e-006, -6.148033e-006 
3210000, -6.432735e-006, 5.135727e-006, -9.423378e-006 
3216000, -1.295398e-006, 5.963570e-006, -1.093874e-005 
3222000, 4.096277e-006, 5.672342e-006, -1.040565e-005 
3228000, 8.730738e-006, 4.314219e-006, -7.919621e-006 
3234000, 1.173633e-005, 2.141833e-006, -3.943097e-006 
3240000, 1.254533e-005, -4.387162e-007, 7.805658e-007 
3246000, 1.100130e-005, -2.943799e-006, 5.366088e-006 
3252000, 7.389358e-006, -4.902929e-006, 8.952251e-006 
3258000, 2.383583e-006, -5.947176e-006, 1.086373e-005 
3264000, -3.078774e-006, -5.878688e-006, 1.073836e-005 
3270000, -7.972835e-006, -4.708226e-006, 8.595845e-006 
3276000, -1.137847e-005, -2.653564e-006, 4.834810e-006 
3282000, -1.265340e-005, -9.899287e-008, 1.586991e-007 
3288000, -1.155442e-005, 2.476562e-006, -4.555823e-006 
3294000, -8.283888e-006, 4.589357e-006, -8.423269e-006 
3300000, -3.452543e-006, 5.841730e-006, -1.071572e-005 
3306000, 2.034523e-006, 5.997000e-006, -1.099994e-005 
3312000, 7.147440e-006, 5.024246e-006, -9.219332e-006 
3318000, 1.092492e-005, 3.104493e-006, -5.705248e-006 
3324000, 1.265510e-005, 5.970504e-007, -1.115407e-006 
3330000, 1.200978e-005, -2.027723e-006, 3.689207e-006 
3336000, 9.106812e-006, -4.276670e-006, 7.805876e-006 
3342000, 4.488665e-006, -5.726525e-006, 1.045982e-005 
3348000, -9.788716e-007, -6.103625e-006, 1.115009e-005 
3354000, -6.269001e-006, -5.335621e-006, 9.744271e-006 
3360000, -1.038679e-005, -3.565403e-006, 6.503907e-006 
3366000, -1.255636e-005, -1.124561e-006, 2.035974e-006 
3372000, -1.236719e-005, 1.528703e-006, -2.820792e-006 
3378000, -9.851939e-006, 3.895587e-006, -7.153346e-006 
3384000, -5.480905e-006, 5.530489e-006, -1.014602e-005 
3390000, -7.422869e-008, 6.124937e-006, -1.123415e-005 
3396000, 5.351973e-006, 5.565845e-006, -1.021074e-005 
3402000, 9.776575e-006, 3.957082e-006, -7.265916e-006 
3408000, 1.236566e-005, 1.600231e-006, -2.951731e-006 
3414000, 1.262978e-005, -1.061908e-006, 1.921282e-006 
3420000, 1.051660e-005, -3.528497e-006, 6.436341e-006 
3426000, 6.421360e-006, -5.334887e-006, 9.742915e-006 
3432000, 1.113078e-006, -6.140180e-006, 1.121699e-005 
3438000, -4.409812e-006, -5.791612e-006, 1.057894e-005 
3444000, -9.107211e-006, -4.353582e-006, 7.946645e-006 
3450000, -1.209326e-005, -2.095824e-006, 3.813847e-006 
3456000, -1.280346e-005, 5.571397e-007, -1.042372e-006 
3462000, -1.110151e-005, 3.105791e-006, -5.707647e-006 
3468000, -7.305573e-006, 5.069655e-006, -9.302477e-006 
3474000, -2.128901e-006, 6.077897e-006, -1.114805e-005 
3480000, 3.454048e-006, 5.939383e-006, -1.089451e-005 
3486000, 8.391003e-006, 4.678963e-006, -8.587323e-006 
3492000, 1.175019e-005, 2.533085e-006, -4.659321e-006 
3498000, 1.289624e-005, -9.450081e-008, 1.504422e-007 
3504000, 1.161043e-005, -2.708667e-006, 4.935641e-006 
3510000, 8.132535e-006, -4.816178e-006, 8.793413e-006 
3516000, 3.116265e-006, -6.018750e-006, 1.099471e-005 
3522000, -2.493510e-006, -6.088342e-006, 1.112209e-005 
3528000, -7.638633e-006, -5.010439e-006, 9.149002e-006 
3534000, -1.134721e-005, -2.987108e-006, 5.445318e-006 
3540000, -1.291720e-005, -3.991776e-007, 7.081432e-007 
3546000, -1.204937e-005, 2.265380e-006, -4.169299e-006 
3552000, -8.904372e-006, 4.503424e-006, -8.266011e-006 
3558000, -4.073201e-006, 5.891625e-006, -1.080710e-005 
3564000, 1.533789e-006, 6.166544e-006, -1.131033e-005 
3570000, 6.858289e-006, 5.274651e-006, -9.677734e-006 
3576000, 1.089371e-005, 3.382780e-006, -6.214689e-006 
3582000, 1.287543e-005, 8.469890e-007, -1.572955e-006 
3588000, 1.242571e-005, -1.854397e-006, 3.371897e-006 
3594000, 9.625699e-006, -4.210953e-006, 7.685544e-006 
3600000, 5.000978e-006, -5.776565e-006, 1.055138e-005 
3606000, -5.770061e-007, -6.253862e-006, 1.142506e-005 
3612000, -6.055007e-006, -5.550706e-006, 1.013794e-005 
3618000, -1.039675e-005, -3.798002e-006, 6.929638e-006 
3624000, -1.277888e-005, -1.325380e-006, 2.403534e-006 
3630000, -1.274707e-005, 1.400733e-006, -2.586585e-006 
3636000, -1.030271e-005, 3.865044e-006, -7.097476e-006 
3642000, -5.903528e-006, 5.600736e-006, -1.027464e-005 
3648000, -3.780556e-007, 6.277866e-006, -1.151412e-005 
3654000, 5.230334e-006, 5.766069e-006, -1.057728e-005 
3660000, 9.860298e-006, 4.159660e-006, -7.636770e-006 
3666000, 1.263327e-005, 1.760298e-006, -3.244768e-006 
3672000, 1.302011e-005, -9.796028e-007, 1.770586e-006 
3678000, 1.094201e-005, -3.542119e-006, 6.461240e-006 
3684000, 6.786551e-006, -5.441660e-006, 9.938325e-006 
3690000, 1.335446e-006, -6.316931e-006, 1.154050e-005 
3696000, -4.382358e-006, -5.999620e-006, 1.095966e-005 
3702000, -9.284784e-006, -4.546741e-006, 8.300185e-006 
3708000, -1.244128e-005, -2.230438e-006, 4.060220e-006 
3714000, -1.324933e-005, 5.129528e-007, -9.615246e-007 
3720000, -1.154940e-005, 3.165038e-006, -5.816135e-006 
3726000, -7.656345e-006, 5.223260e-006, -9.583686e-006 
3732000, -2.301172e-006, 6.296066e-006, -1.154744e-005 
3738000, 3.506143e-006, 6.177340e-006, -1.133012e-005 
3744000, 8.667007e-006, 4.885968e-006, -8.966279e-006 
3750000, 1.220190e-005, 2.662928e-006, -4.897032e-006 
3756000, 1.343613e-005, -7.364663e-008, 1.122330e-007 
3762000, 1.212855e-005, -2.807068e-006, 5.115727e-006 
3768000, 8.518480e-006, -5.019590e-006, 9.165719e-006 
3774000, 3.282010e-006, -6.290406e-006, 1.149193e-005 
3780000, -2.594590e-006, -6.375618e-006, 1.164791e-005 
3786000, -8.000518e-006, -5.254986e-006, 9.596607e-006 
3792000, -1.191028e-005, -3.136502e-006, 5.718748e-006 
3798000, -1.357808e-005, -4.178048e-007, 7.422047e-007 
3804000, -1.267993e-005, 2.388433e-006, -4.394581e-006 
3810000, -9.376425e-006, 4.751129e-006, -8.719467e-006 
3816000, -4.284102e-006, 6.221232e-006, -1.141047e-005 
3822000, 1.639640e-006, 6.516995e-006, -1.195186e-005 
3828000, 7.276454e-006, 5.577900e-006, -1.023286e-005 
3834000, 1.155808e-005, 3.576914e-006, -6.570083e-006 
3840000, 1.366864e-005, 8.886331e-007, -1.649219e-006 
3846000, 1.319995e-005, -1.980835e-006, 3.603305e-006 
3852000, 1.023030e-005, -4.489120e-006, 8.194690e-006 
3858000, 5.311478e-006, -6.160049e-006, 1.125330e-005 
3864000, -6.337602e-007, -6.673971e-006, 1.219403e-005 
3870000, -6.484773e-006, -5.928823e-006, 1.083005e-005 
3876000, -1.113419e-005, -4.060287e-006, 7.409713e-006 
3882000, -1.369739e-005, -1.417072e-006, 2.571341e-006 
3888000, -1.368061e-005, 1.504168e-006, -2.775956e-006 
3894000, -1.107593e-005, 4.152148e-006, -7.623051e-006 
3900000, -6.364684e-006, 6.024942e-006, -1.105118e-005 
3906000, -4.284745e-007, 6.765063e-006, -1.240596e-005 
3912000, 5.615804e-006, 6.227621e-006, -1.142218e-005 
3918000, 1.062609e-005, 4.508577e-006, -8.275493e-006 
3924000, 1.365085e-005, 1.927603e-006, -3.551052e-006 
3930000, 1.410965e-005, -1.031393e-006, 1.865354e-006 
3936000, 1.190437e-005, -3.811000e-006, 6.953389e-006 
3942000, 7.439710e-006, -5.885291e-006, 1.075035e-005 
3948000, 1.548885e-006, -6.859288e-006, 1.253324e-005 
3954000, -4.661943e-006, -6.544099e-006, 1.195629e-005 
3960000, -1.002139e-005, -4.993447e-006, 9.117841e-006 
3966000, -1.351374e-005, -2.494551e-006, 4.543641e-006 
3972000, -1.447131e-005, 4.851217e-007, -9.106143e-007 
3978000, -1.270198e-005, 3.385328e-006, -6.219407e-006 
3984000, -8.527409e-006, 5.658392e-006, -1.038022e-005 
3990000, -2.724501e-006, 6.872605e-006, -1.260283e-005 
3996000, 3.619265e-006, 6.794161e-006, -1.245924e-005 
4002000, 9.309694e-006, 5.432091e-006, -9.965986e-006 
4008000, 1.327068e-005, 3.037571e-006, -5.582847e-006 
4014000, 1.474766e-005, 5.755673e-008, -1.279680e-007 
4020000, 1.345120e-005, -2.948690e-006, 5.374929e-006 
4026000, 9.613535e-006, -5.414584e-006, 9.888717e-006 
4032000, 3.946886e-006, -6.873000e-006, 1.255833e-005 
4038000, -2.488810e-006, -7.044731e-006, 1.287268e-005 
4044000, -8.484255e-006, -5.891873e-006, 1.076239e-005 
4050000, -1.290808e-005, -3.625947e-006, 6.614634e-006 
4056000, -1.492033e-005, -6.690382e-007, 1.202049e-006 
4062000, -1.413187e-005, 2.424877e-006, -4.461326e-006 
4068000, -1.067947e-005, 5.073768e-006, -9.310089e-006 
4074000, -5.202128e-006, 6.777063e-006, -1.242795e-005 
4080000, 1.277338e-006, 7.210238e-006, -1.322087e-005 
4086000, 7.543393e-006, 6.286609e-006, -1.153018e-005 
4092000, 1.241591e-005, 4.174557e-006, -7.664098e-006 
4098000, 1.497248e-005, 1.266802e-006, -2.341490e-006 
4104000, 1.472302e-005, -1.892682e-006, 3.441907e-006 
4110000, 1.170358e-005, -4.710493e-006, 8.599873e-006 
4116000, 6.471544e-006, -6.655289e-006, 1.215980e-005 
4122000, 2.610805e-009, -7.358005e-006, 1.344611e-005 
4128000, -6.491294e-006, -6.681875e-006, 1.220846e-005 
4134000, -1.178918e-005, -4.748985e-006, 8.670327e-006 
4140000, -1.489066e-005, -1.918212e-006, 3.488632e-006 
4146000, -1.520486e-005, 1.281462e-006, -2.368333e-006 
4152000, -1.266300e-005, 4.249868e-006, -7.801964e-006 
4158000, -7.733021e-006, 6.428279e-006, -1.178952e-005 
4164000, -1.333394e-006, 7.404622e-006, -1.357671e-005 
4170000, 5.338121e-006, 6.991435e-006, -1.282037e-005 
4176000, 1.102879e-005, 5.261836e-006, -9.654363e-006 
4182000, 1.466626e-005, 2.536597e-006, -4.665848e-006 
4188000, 1.556071e-005, -6.753907e-007, 1.213654e-006 
4194000, 1.353569e-005, -3.772207e-006, 6.882337e-006 
4200000, 8.962823e-006, -6.171768e-006, 1.127470e-005 
4206000, 2.693583e-006, -7.421294e-006, 1.356194e-005 
4212000, -4.099376e-006, -7.282781e-006, 1.330840e-005 
4218000, -1.014169e-005, -5.778339e-006, 1.055453e-005 
4224000, -1.429650e-005, -3.186760e-006, 5.810678e-006 
4230000, -1.577846e-005, 8.173690e-009, -3.761029e-008 
4236000, -1.430227e-005, 3.208057e-006, -5.894959e-006 
4242000, -1.013757e-005, 5.812008e-006, -1.066146e-005 
4248000, -4.059728e-006, 7.329568e-006, -1.343934e-005 
4254000, 2.794636e-006, 7.473138e-006, -1.370214e-005 
4260000, 9.140294e-006, 6.212513e-006, -1.139458e-005 
4266000, 1.378455e-005, 3.781169e-006, -6.944039e-006 
4272000, 1.585156e-005, 6.330150e-007, -1.181383e-006 
4278000, 1.494760e-005, -2.642390e-006, 4.814204e-006 
4284000, 1.123613e-005, -5.430303e-006, 9.917444e-006 
4290000, 5.408289e-006, -7.206249e-006, 1.316829e-005 
4296000, -1.445861e-006, -7.634747e-006, 1.395265e-005 
4302000, -8.041291e-006, -6.632738e-006, 1.211848e-005 
4308000, -1.313907e-005, -4.385698e-006, 8.005302e-006 
4314000, -1.577924e-005, -1.313314e-006, 2.381340e-006 
4320000, -1.546171e-005, 2.008923e-006, -3.699975e-006 
4326000, -1.224110e-005, 4.957563e-006, -9.097426e-006 
4332000, -6.717446e-006, 6.978258e-006, -1.279628e-005 
4338000, 7.555141e-008, 7.690050e-006, -1.409921e-005 
4344000, 6.864061e-006, 6.957255e-006, -1.275784e-005 
4350000, 1.237308e-005, 4.915367e-006, -9.020191e-006 
4356000, 1.556606e-005, 1.946037e-006, -3.584869e-006 
4362000, 1.584006e-005, -1.394268e-006, 2.529516e-006 
4368000, 1.313973e-005, -4.478579e-006, 8.175309e-006 
4374000, 7.968548e-006, -6.727163e-006, 1.229131e-005 
4380000, 1.294971e-006, -7.716554e-006, 1.410238e-005 
4386000, -5.628951e-006, -7.259374e-006, 1.326552e-005 
4392000, -1.150255e-005, -5.439872e-006, 9.934938e-006 
4398000, -1.522099e-005, -2.598448e-006, 4.733746e-006 
4404000, -1.608322e-005, 7.320162e-007, -1.362629e-006 
4410000, -1.392430e-005, 3.926110e-006, -7.209380e-006 
4416000, -9.147042e-006, 6.383373e-006, -1.170737e-005 
4422000, -2.646944e-006, 7.641234e-006, -1.400987e-005 
4428000, 4.355664e-006, 7.462156e-006, -1.368207e-005 
4434000, 1.054475e-005, 5.878556e-006, -1.078331e-005 
4440000, 1.475601e-005, 3.186997e-006, -5.856448e-006 
4446000, 1.619601e-005, -1.073202e-007, 1.737579e-007 
4452000, 1.459181e-005, -3.385375e-006, 6.174196e-006 
4458000, 1.024283e-005, -6.030668e-006, 1.101637e-005 
4464000, 3.965069e-006, -7.545209e-006, 1.378872e-005 
4470000, -3.061963e-006, -7.643327e-006, 1.396832e-005 
4476000, -9.516843e-006, -6.305613e-006, 1.151965e-005 
4482000, -1.418479e-005, -3.782813e-006, 6.901696e-006 
4488000, -1.618637e-005, -5.488667e-007, 9.819958e-007 
4494000, -1.514331e-005, 2.788106e-006, -5.126292e-006 
4500000, -1.125012e-005, 5.600160e-006, -1.027372e-005 
4506000, -5.237911e-006, 7.357722e-006, -1.349092e-005 
4512000, 1.762791e-006, 7.729366e-006, -1.417121e-005 
4518000, 8.434612e-006, 6.644371e-006, -1.218514e-005 
4524000, 1.352124e-005, 4.306232e-006, -7.905210e-006 
4530000, 1.606405e-005, 1.154552e-006, -2.136098e-006 
4536000, 1.558290e-005, -2.217585e-006, 4.036556e-006 
4542000, 1.216684e-005, -5.175201e-006, 9.450434e-006 
4548000, 6.457834e-006, -7.161006e-006, 1.308542e-005 
4554000, -4.698357e-007, -7.800440e-006, 1.425590e-005 
4560000, -7.311643e-006, -6.972368e-006, 1.274012e-005 
4566000, -1.277845e-005, -4.832082e-006, 8.822356e-006 
4572000, -1.583945e-005, -1.782234e-006, 3.239645e-006 
4578000, -1.591658e-005, 1.602875e-006, -2.956755e-006 
4584000, -1.299382e-005, 4.685409e-006, -8.599298e-006 
4590000, -7.620567e-006, 6.884183e-006, -1.262413e-005 
4596000, -8.084952e-007, 7.784250e-006, -1.427169e-005 
4602000, 6.158853e-006, 7.215249e-006, -1.323014e-005 
4608000, 1.196787e-005, 5.283695e-006, -9.694456e-006 
4614000, 1.552254e-005, 2.353089e-006, -4.330020e-006 
4620000, 1.615126e-005, -1.024437e-006, 1.852500e-006 
4626000, 1.373385e-005, -4.212114e-006, 7.687503e-006 
4632000, 8.724530e-006, -6.608565e-006, 1.207418e-005 
4638000, 2.066770e-006, -7.761260e-006, 1.418417e-005 
4644000, -4.984377e-006, -7.451991e-006, 1.361806e-005 
4650000, -1.109878e-005, -5.738214e-006, 1.048101e-005 
4656000, -1.512210e-005, -2.942419e-006, 5.363337e-006 
4662000, -1.629374e-005, 4.085028e-007, -7.704851e-007 
4668000, -1.439070e-005, 3.682519e-006, -6.763533e-006 
4674000, -9.770039e-006, 6.261637e-006, -1.148458e-005 
4680000, -3.302011e-006, 7.658540e-006, -1.404159e-005 
4686000, 3.793751e-006, 7.608671e-006, -1.395031e-005 
4692000, 1.017814e-005, 6.120356e-006, -1.122597e-005 
4698000, 1.464522e-005, 3.473475e-006, -6.380885e-006 
4704000, 1.635002e-005, 1.668737e-007, -3.281919e-007 
4710000, 1.496834e-005, -3.175614e-006, 5.790189e-006 
4716000, 1.075849e-005, -5.922818e-006, 1.081891e-005 
4722000, 4.513036e-006, -7.555398e-006, 1.380733e-005 
4728000, -2.590301e-006, -7.764009e-006, 1.418919e-005 
4734000, -9.210653e-006, -6.507928e-006, 1.188995e-005 
4740000, -1.409704e-005, -4.023013e-006, 7.341340e-006 
4746000, -1.632472e-005, -7.774565e-007, 1.400388e-006 
4752000, -1.547016e-005, 2.616392e-006, -4.812012e-006 
4758000, -1.169160e-005, 5.517518e-006, -1.012249e-005 
4764000, -5.699768e-006, 7.377282e-006, -1.352676e-005 
4770000, 1.375665e-006, 7.843150e-006, -1.437953e-005 
4776000, 8.199039e-006, 6.825520e-006, -1.251677e-005 
4782000, 1.348074e-005, 4.514951e-006, -8.287305e-006 
4788000, 1.622087e-005, 1.346516e-006, -2.487523e-006 
4794000, 1.589851e-005, -2.082095e-006, 3.788507e-006 
4800000, 1.257073e-005, -5.123276e-006, 9.355350e-006 
4806000, 6.862550e-006, -7.201791e-006, 1.316005e-005 
4812000, -1.503822e-007, -7.923550e-006, 1.448122e-005 
4818000, -7.144418e-006, -7.150308e-006, 1.306580e-005 
4824000, -1.279765e-005, -5.026138e-006, 9.177537e-006 
4830000, -1.603971e-005, -1.950604e-006, 3.547810e-006 
4836000, -1.625430e-005, 1.496369e-006, -2.761833e-006 
4842000, -1.339640e-005, 4.663813e-006, -8.559801e-006 
4848000, -8.001537e-006, 6.952611e-006, -1.274942e-005 
4854000, -1.085515e-006, 7.928784e-006, -1.453629e-005 
4860000, 6.046804e-006, 7.405747e-006, -1.357888e-005 
4866000, 1.204761e-005, 5.479953e-006, -1.005374e-005 
4872000, 1.578078e-005, 2.513119e-006, -4.622986e-006 
4878000, 1.653685e-005, -9.356990e-007, 1.690032e-006 
4884000, 1.416786e-005, -4.215419e-006, 7.693519e-006 
4890000, 9.116170e-006, -6.705810e-006, 1.225215e-005 
4896000, 2.331926e-006, -7.934745e-006, 1.450170e-005 
4902000, -4.905629e-006, -7.667668e-006, 1.401282e-005 
4908000, -1.122930e-005, -5.952332e-006, 1.087291e-005 
4914000, -1.544212e-005, -3.110275e-006, 5.670562e-006 
4920000, -1.674384e-005, 3.234407e-007, -6.148124e-007 
4926000, -1.488285e-005, 3.700942e-006, -6.797288e-006 
4932000, -1.020475e-005, 6.383753e-006, -1.170814e-005 
4938000, -3.588164e-006, 7.863450e-006, -1.441671e-005 
4944000, 3.720266e-006, 7.857970e-006, -1.440668e-005 
4950000, 1.034070e-005, 6.365342e-006, -1.167444e-005 
4956000, 1.502056e-005, 3.664603e-006, -6.730773e-006 
4962000, 1.687139e-005, 2.636328e-007, -5.053395e-007 
4968000, 1.553748e-005, -3.196341e-006, 5.828100e-006 
4974000, 1.126413e-005, -6.061616e-006, 1.107295e-005 
4980000, 4.852507e-006, -7.789483e-006, 1.423579e-005 
4986000, -2.490539e-006, -8.050975e-006, 1.471445e-005 
4992000, -9.379605e-006, -6.793457e-006, 1.241257e-005 
4998000, -1.451206e-005, -4.251146e-006, 7.758904e-006 
5004000, -1.691428e-005, -9.014794e-007, 1.627379e-006 
5010000, -1.612624e-005, 2.624546e-006, -4.826967e-006 
5016000, -1.228951e-005, 5.661217e-006, -1.038556e-005 
5022000, -6.121828e-006, 7.633764e-006, -1.399628e-005 
5028000, 1.217193e-006, 8.167103e-006, -1.497255e-005 
5034000, 8.344067e-006, 7.157117e-006, -1.312379e-005 
5040000, 1.391220e-005, 4.790917e-006, -8.792486e-006 
5046000, 1.686626e-005, 1.512161e-006, -2.790764e-006 
5052000, 1.664209e-005, -2.062135e-006, 3.751939e-006 
5058000, 1.327434e-005, -5.257704e-006, 9.601388e-006 
5064000, 7.391307e-006, -7.470202e-006, 1.365134e-005 
5070000, 9.767808e-008, -8.279462e-006, 1.513268e-005 
5076000, -7.232921e-006, -7.529239e-006, 1.375940e-005 
5082000, -1.321659e-005, -5.357318e-006, 9.783727e-006 
5088000, -1.672037e-005, -2.170190e-006, 3.949729e-006 
5094000, -1.707666e-005, 1.433038e-006, -2.645937e-006 
5100000, -1.421032e-005, 4.773269e-006, -8.760190e-006 
5106000, -8.654250e-006, 7.219388e-006, -1.323778e-005 
5112000, -1.450278e-006, 8.307475e-006, -1.522951e-005 
5118000, 6.046242e-006, 7.828748e-006, -1.435321e-005 
5124000, 1.242141e-005, 5.869569e-006, -1.076696e-005 
5130000, 1.646944e-005, 2.795851e-006, -5.140555e-006 
5136000, 1.742061e-005, -8.153049e-007, 1.469621e-006 
5142000, 1.508755e-005, -4.283975e-006, 7.818978e-006 
5148000, 9.901995e-006, -6.955428e-006, 1.270904e-005 
5154000, 2.834821e-006, -8.323687e-006, 1.521362e-005 
5160000, -4.785772e-006, -8.127328e-006, 1.485419e-005 
5166000, -1.152390e-005, -6.399371e-006, 1.169118e-005 
5172000, -1.610654e-005, -3.461768e-006, 6.313935e-006 
5178000, -1.766396e-005, 1.346141e-007, -2.691998e-007 
5184000, -1.589474e-005, 3.713315e-006, -6.819970e-006 
5190000, -1.112394e-005, 6.599528e-006, -1.210315e-005 
5196000, -4.243344e-006, 8.247328e-006, -1.511943e-005 
5202000, 3.455305e-006, 8.342908e-006, -1.529438e-005 
5208000, 1.052286e-005, 6.864293e-006, -1.258780e-005 
5214000, 1.562554e-005, 4.086183e-006, -7.502504e-006 
5220000, 1.779664e-005, 5.288875e-007, -9.909188e-007 
5226000, 1.661956e-005, -3.139154e-006, 5.723385e-006 
5232000, 1.230768e-005, -6.226992e-006, 1.137563e-005 
5238000, 5.665624e-006, -8.151322e-006, 1.489810e-005 
5244000, -2.060978e-006, -8.546657e-006, 1.562175e-005 
5250000, -9.419114e-006, -7.334704e-006, 1.340328e-005 
5256000, -1.502169e-005, -4.739792e-006, 8.653328e-006 
5262000, -1.780900e-005, -1.247320e-006, 2.260401e-006 
5268000, -1.724911e-005, 2.487077e-006, -4.575370e-006 
5274000, -1.343932e-005, 5.760640e-006, -1.056759e-005 
5280000, -7.089224e-006, 7.955739e-006, -1.458569e-005 
5286000, 6.114652e-007, 8.656403e-006, -1.586825e-005 
5292000, 8.215931e-006, 7.727119e-006, -1.416721e-005 
5298000, 1.429212e-005, 5.338985e-006, -9.795756e-006 
5304000, 1.769243e-005, 1.938184e-006, -3.570634e-006 
5310000, 1.777046e-005, -1.837416e-006, 3.340555e-006 
5316000, 1.450381e-005, -5.277940e-006, 9.638391e-006 
5322000, 8.499692e-006, -7.734993e-006, 1.413600e-005 
5328000, 8.819549e-007, -8.743867e-006, 1.598273e-005 
5334000, -6.919321e-006, -8.111415e-006, 1.482503e-005 
5340000, -1.343638e-005, -5.952992e-006, 1.087406e-005 
5346000, -1.743999e-005, -2.671403e-006, 4.867152e-006 
5352000, -1.817129e-005, 1.118312e-006, -2.069876e-006 
5358000, -1.548559e-005, 4.704184e-006, -8.633771e-006 
5364000, -9.880906e-006, 7.411106e-006, -1.358876e-005 
5370000, -2.405500e-006, 8.727955e-006, -1.599924e-005 
5376000, 5.538222e-006, 8.404099e-006, -1.540643e-005 
5382000, 1.245690e-005, 6.497083e-006, -1.191566e-005 
5388000, 1.704704e-005, 3.362405e-006, -6.177667e-006 
5394000, 1.844060e-005, -4.127851e-007, 7.327703e-007 
5400000, 1.636917e-005, -4.119705e-006, 7.518241e-006 
5406000, 1.121559e-005, -7.061053e-006, 1.290234e-005 
5412000, 3.943155e-006, -8.682202e-006, 1.586983e-005 
5418000, -4.084515e-006, -8.675802e-006, 1.585812e-005 
5424000, -1.135925e-005, -7.040040e-006, 1.286387e-005 
5430000, -1.651176e-005, -4.079530e-006, 7.444695e-006 
5436000, -1.856943e-005, -3.485630e-007, 6.152040e-007 
5442000, -1.713992e-005, 3.452713e-006, -6.342987e-006 
5448000, -1.248598e-005, 6.609726e-006, -1.212186e-005 
5454000, -5.477141e-006, 8.527840e-006, -1.563295e-005 
5460000, 2.572843e-006, 8.844394e-006, -1.621240e-005 
5466000, 1.015231e-005, 7.497273e-006, -1.374651e-005 
5472000, 1.583563e-005, 4.737073e-006, -8.693998e-006 
5478000, 1.855150e-005, 1.080469e-006, -2.000629e-006 
5484000, 1.778486e-005, -2.786537e-006, 5.077877e-006 
5490000, 1.367463e-005, -6.137356e-006, 1.121151e-005 
5496000, 6.988573e-006, -8.341378e-006, 1.524594e-005 
5502000, -1.020206e-006, -8.982691e-006, 1.641986e-005 
5508000, -8.848159e-006, -7.938590e-006, 1.450864e-005 
5514000, -1.502368e-005, -5.403056e-006, 9.867375e-006 
5520000, -1.838383e-005, -1.850715e-006, 3.364858e-006 
5526000, -1.829347e-005, 2.052033e-006, -3.779075e-006 
5532000, -1.476528e-005, 5.572068e-006, -1.022246e-005 
5538000, -8.458274e-006, 8.047309e-006, -1.475336e-005 
5544000, -5.546661e-007, 9.011293e-006, -1.651792e-005 
5550000, 7.461807e-006, 8.281117e-006, -1.518134e-005 
5556000, 1.408450e-005, 5.992165e-006, -1.099145e-005 
5562000, 1.806711e-005, 2.573015e-006, -4.732733e-006 
5568000, 1.865835e-005, -1.334821e-006, 2.420511e-006 
5574000, 1.574372e-005, -4.997288e-006, 9.124611e-006 
5580000, 9.867718e-006, -7.725721e-006, 1.411897e-005 
5586000, 2.132141e-006, -9.006387e-006, 1.646321e-005 
5592000, -6.010556e-006, -8.597264e-006, 1.571432e-005 
5598000, -1.303005e-005, -6.573815e-006, 1.201042e-005 
5604000, -1.760584e-005, -3.315096e-006, 6.045373e-006 
5610000, -1.887579e-005, 5.672524e-007, -1.061220e-006 
5616000, -1.659867e-005, 4.343826e-006, -7.974192e-006 
5622000, -1.120000e-005, 7.304533e-006, -1.339373e-005 
5628000, -3.692665e-006, 8.892159e-006, -1.629986e-005 
5634000, 4.513209e-006, 8.807292e-006, -1.614452e-005 
5640000, 1.187512e-005, 7.064839e-006, -1.295498e-005 
5646000, 1.700824e-005, 3.991454e-006, -7.329185e-006 
5652000, 1.894604e-005, 1.643190e-007, -3.236629e-007 
5658000, 1.732238e-005, -3.697254e-006, 6.744898e-006 
5664000, 1.244079e-005, -6.867049e-006, 1.254717e-005 
5670000, 5.217813e-006, -8.748561e-006, 1.599125e-005 
5676000, -2.989058e-006, -8.987309e-006, 1.642828e-005 
5682000, -1.063653e-005, -7.537676e-006, 1.377474e-005 
5688000, -1.628577e-005, -4.671669e-006, 8.528547e-006 
5694000, -1.887326e-005, -9.279190e-007, 1.675658e-006 
5700000, -1.791108e-005, 2.989542e-006, -5.495208e-006 
5706000, -1.357908e-005, 6.343689e-006, -1.163493e-005 
5712000, -6.691323e-006, 8.503203e-006, -1.558790e-005 
5718000, 1.456777e-006, 9.061349e-006, -1.660958e-005 
5724000, 9.332123e-006, 7.912644e-006, -1.450689e-005 
5730000, 1.545240e-005, 5.272849e-006, -9.674778e-006 
5736000, 1.866519e-005, 1.638492e-006, -3.022132e-006 
5742000, 1.836503e-005, -2.306503e-006, 4.199131e-006 
5748000, 1.460771e-005, -5.819509e-006, 1.062964e-005 
5754000, 8.099975e-006, -8.239020e-006, 1.505853e-005 
5760000, 6.669333e-008, -9.109251e-006, 1.665147e-005 
5766000, -7.979617e-006, -8.266061e-006, 1.510802e-005 
5772000, -1.452358e-005, -5.867972e-006, 1.071835e-005 
5778000, -1.833242e-005, -2.366427e-006, 4.308816e-006 
5784000, -1.868828e-005, 1.579153e-006, -2.913522e-006 
5790000, -1.552362e-005, 5.225534e-006, -9.588178e-006 
5796000, -9.434230e-006, 7.885675e-006, -1.445753e-005 
5802000, -1.567118e-006, 9.058207e-006, -1.660384e-005 
5808000, 6.595424e-006, 8.521981e-006, -1.562229e-005 
5814000, 1.351508e-005, 6.377840e-006, -1.169746e-005 
5820000, 1.788744e-005, 3.029715e-006, -5.568762e-006 
5826000, 1.888796e-005, -8.914127e-007, 1.608813e-006 
5832000, 1.632757e-005, -4.646389e-006, 8.482251e-006 
5838000, 1.068853e-005, -7.527208e-006, 1.375555e-005 
5844000, 3.033709e-006, -8.990519e-006, 1.643413e-005 
5850000, -5.193597e-006, -8.760146e-006, 1.601243e-005 
5856000, -1.244176e-005, -6.879265e-006, 1.256950e-005 
5862000, -1.734341e-005, -3.702375e-006, 6.754241e-006 
5868000, -1.897343e-005, 1.714485e-007, -3.367468e-007 
5874000, -1.702364e-005, 4.011479e-006, -7.365875e-006 
5880000, -1.186118e-005, 7.093139e-006, -1.300682e-005 
5886000, -4.459516e-006, 8.834720e-006, -1.619476e-005 
5892000, 3.784999e-006, 8.907204e-006, -1.632744e-005 
5898000, 1.131645e-005, 7.296466e-006, -1.337901e-005 
5904000, 1.671293e-005, 4.306080e-006, -7.905143e-006 
5910000, 1.895498e-005, 5.001699e-007, -9.384725e-007 
5916000, 1.761825e-005, -3.402949e-006, 6.206137e-006 
5922000, 1.295387e-005, -6.666296e-006, 1.217965e-005 
5928000, 5.841410e-006, -8.673358e-006, 1.585356e-005 
5934000, -2.376828e-006, -9.044557e-006, 1.653303e-005 
5940000, -1.014905e-005, -7.709063e-006, 1.408842e-005 
5946000, -1.600685e-005, -4.918355e-006, 8.980068e-006 
5952000, -1.884265e-005, -1.198926e-006, 2.171698e-006 
5958000, -1.811904e-005, 2.746982e-006, -5.051240e-006 
5964000, -1.397076e-005, 6.173905e-006, -1.132418e-005 
5970000, -7.179647e-006, 8.433949e-006, -1.546116e-005 
5976000, 9.725389e-007, 9.099259e-006, -1.667901e-005 
5982000, 8.945938e-006, 8.043024e-006, -1.474558e-005 
5988000, 1.523332e-005, 5.463673e-006, -1.002411e-005 
5994000, 1.864493e-005, 1.847650e-006, -3.405027e-006 
6000000, 1.853356e-005, -2.122268e-006, 3.861859e-006 
6006000, 1.491736e-005, -5.695827e-006, 1.040321e-005 
6012000, 8.477039e-006, -8.197028e-006, 1.498163e-005 
6018000, 4.277827e-007, -9.151966e-006, 1.672963e-005 
6024000, -7.709856e-006, -8.378601e-006, 1.531400e-005 
6030000, -1.439709e-005, -6.021472e-006, 1.099930e-005 
6036000, -1.836775e-005, -2.524714e-006, 4.598527e-006 
6042000, -1.886797e-005, 1.451572e-006, -2.680017e-006 
6048000, -1.579924e-005, 5.155870e-006, -9.460689e-006 
6054000, -9.737831e-006, 7.887218e-006, -1.446039e-005 
6060000, -1.826651e-006, 9.127804e-006, -1.673127e-005 
6066000, 6.440164e-006, 8.641089e-006, -1.584034e-005 
6072000, 1.349929e-005, 6.516897e-006, -1.195203e-005 
6078000, 1.801374e-005, 3.154856e-006, -5.797861e-006 
6084000, 1.912595e-005, -8.107448e-007, 1.461122e-006 
6090000, 1.662063e-005, -4.630568e-006, 8.453262e-006 
6096000, 1.096638e-005, -7.581760e-006, 1.385538e-005 
6102000, 3.228078e-006, -9.104677e-006, 1.664306e-005 
6108000, -5.133581e-006, -8.908959e-006, 1.628480e-005 
6114000, -1.253769e-005, -7.028854e-006, 1.284329e-005 
6120000, -1.758192e-005, -3.817252e-006, 6.964494e-006 
6126000, -1.930792e-005, 1.205289e-007, -2.435672e-007 
6132000, -1.738338e-005, 4.040796e-006, -7.419568e-006 
6138000, -1.216582e-005, 7.201873e-006, -1.320588e-005 
6144000, -4.636259e-006, 9.004357e-006, -1.650531e-005 
6150000, 3.785246e-006, 9.104711e-006, -1.668900e-005 
6156000, 1.150730e-005, 7.480683e-006, -1.371624e-005 
6162000, 1.706780e-005, 4.436101e-006, -8.143173e-006 
6168000, 1.941058e-005, 5.440365e-007, -1.018797e-006 
6174000, 1.808594e-005, -3.461046e-006, 6.312456e-006 
6180000, 1.333681e-005, -6.821837e-006, 1.246434e-005 
6186000, 6.054189e-006, -8.901324e-006, 1.627082e-005 
6192000, -2.390034e-006, -9.303458e-006, 1.700692e-005 
6198000, -1.040143e-005, -7.948520e-006, 1.452672e-005 
6204000, -1.646402e-005, -5.088838e-006, 9.292106e-006 
6210000, -1.942698e-005, -1.261778e-006, 2.286719e-006 
6216000, -1.872296e-005, 2.811225e-006, -5.168863e-006 
6222000, -1.447659e-005, 6.360640e-006, -1.166602e-005 
6228000, -7.482370e-006, 8.714179e-006, -1.597415e-005 
6234000, 9.439693e-007, 9.424069e-006, -1.727359e-005 
6240000, 9.213000e-006, 8.352168e-006, -1.531149e-005 
6246000, 1.576132e-005, 5.696764e-006, -1.045081e-005 
6252000, 1.934705e-005, 1.955860e-006, -3.603133e-006 
6258000, 1.928519e-005, -2.166234e-006, 3.942310e-006 
6264000, 1.557833e-005, -5.891501e-006, 1.076136e-005 
6270000, 8.917749e-006, -8.515023e-006, 1.556369e-005 
6276000, 5.544160e-007, -9.538320e-006, 1.743682e-005 
6282000, -7.935972e-006, -8.763985e-006, 1.601941e-005 
6288000, -1.494985e-005, -6.333686e-006, 1.157078e-005 
6294000, -1.915857e-005, -2.702209e-006, 4.923401e-006 
6300000, -1.975997e-005, 1.447678e-006, -2.672917e-006 
6306000, -1.663109e-005, 5.333610e-006, -9.786069e-006 
6312000, -1.035302e-005, 8.221106e-006, -1.507160e-005 
6318000, -2.102931e-006, 9.562355e-006, -1.752674e-005 
6324000, 6.566793e-006, 9.100082e-006, -1.668055e-005 
6330000, 1.402062e-005, 6.916817e-006, -1.268411e-005 
6336000, 1.884841e-005, 3.420138e-006, -6.283486e-006 
6342000, 2.013208e-005, -7.334596e-007, 1.319623e-006 
6348000, 1.762007e-005, -4.761855e-006, 8.693549e-006 
6354000, 1.177641e-005, -7.904579e-006, 1.444627e-005 
6360000, 3.694931e-006, -9.566357e-006, 1.748813e-005 
6366000, -5.105616e-006, -9.429811e-006, 1.723818e-005 
6372000, -1.296702e-005, -7.516007e-006, 1.373499e-005 
6378000, -1.840406e-005, -4.181296e-006, 7.630839e-006 
6384000, -2.038506e-005, -5.090546e-008, 7.020938e-008 
6390000, -1.852755e-005, 4.098330e-006, -7.524917e-006 
6396000, -1.317192e-005, 7.484104e-006, -1.372253e-005 
6402000, -5.318984e-006, 9.466134e-006, -1.735062e-005 
6408000, 3.557207e-006, 9.667223e-006, -1.771871e-005 
6414000, 1.178611e-005, 8.044986e-006, -1.474923e-005 
6420000, 1.781516e-005, 4.900622e-006, -8.993506e-006 
6426000, 2.050270e-005, 8.229351e-007, -1.529352e-006 
6432000, 1.933409e-005, -3.421978e-006, 6.240908e-006 
6438000, 1.452015e-005, -7.034704e-006, 1.285396e-005 
6444000, 6.959053e-006, -9.333087e-006, 1.706112e-005 
6450000, -1.931382e-006, -9.881023e-006, 1.806411e-005 
6456000, -1.047965e-005, -8.571180e-006, 1.566646e-005 
6462000, -1.707492e-005, -5.645939e-006, 1.031184e-005 
6468000, -2.047062e-005, -1.652498e-006, 3.001890e-006 
6474000, -2.002006e-005, 2.659554e-006, -4.891269e-006 
6480000, -1.579948e-005, 6.478990e-006, -1.188270e-005 
6486000, -8.595207e-006, 9.085602e-006, -1.665407e-005 
6492000, 2.429175e-007, 9.986030e-006, -1.830229e-005 
6498000, 9.054622e-006, 9.007124e-006, -1.651042e-005 
6504000, 1.618119e-005, 6.329202e-006, -1.160852e-005 
6510000, 2.027779e-005, 2.452794e-006, -4.512802e-006 
6516000, 2.056727e-005, -1.894970e-006, 3.445723e-006 
6522000, 1.698757e-005, -5.896809e-006, 1.077104e-005 
6528000, 1.020478e-005, -8.798984e-006, 1.608343e-005 
6534000, 1.489074e-006, -1.005330e-005, 1.837944e-005 
6540000, -7.523264e-006, -9.420657e-006, 1.722140e-005 
6546000, -1.513715e-005, -7.016633e-006, 1.282086e-005 
6552000, -1.991765e-005, -3.290331e-006, 5.999909e-006 
6558000, -2.096048e-005, 1.059557e-006, -1.962509e-006 
6564000, -1.806307e-005, 5.215818e-006, -9.570495e-006 
6570000, -1.176388e-005, 8.396313e-006, -1.539235e-005 
6576000, -3.242248e-006, 1.000121e-005, -1.833010e-005 
6582000, 5.902510e-006, 9.726161e-006, -1.782663e-005 
6588000, 1.395138e-005, 7.619997e-006, -1.397132e-005 
6594000, 1.938892e-005, 4.076102e-006, -7.484264e-006 
6600000, 2.118869e-005, -2.411100e-007, 4.183380e-007 
6606000, 1.900711e-005, -4.520809e-006, 8.252274e-006 
6612000, 1.324899e-005, -7.958101e-006, 1.454419e-005 
6618000, 4.992471e-006, -9.905465e-006, 1.810882e-005 
6624000, -4.212978e-006, -9.994789e-006, 1.827232e-005 
6630000, -1.263744e-005, -8.206980e-006, 1.499976e-005 
6636000, -1.869576e-005, -4.875996e-006, 8.902432e-006 
6642000, -2.124599e-005, -6.264459e-007, 1.123682e-006 
6648000, -1.980468e-005, 3.743573e-006, -6.875584e-006 
6654000, -1.463861e-005, 7.412423e-006, -1.359137e-005 
6660000, -6.715444e-006, 9.689475e-006, -1.775949e-005 
6666000, 2.477585e-006, 1.014517e-005, -1.859363e-005 
6672000, 1.121293e-005, 8.692108e-006, -1.593382e-005 
6678000, 1.784749e-005, 5.601827e-006, -1.027710e-005 
6684000, 2.113180e-005, 1.454064e-006, -2.684674e-006 
6690000, 2.044550e-005, -2.972026e-006, 5.417228e-006 
6696000, 1.591457e-005, -6.844283e-006, 1.250535e-005 
6702000, 8.388284e-006, -9.434059e-006, 1.724590e-005 
6708000, -7.199787e-007, -1.025340e-005, 1.874568e-005 
6714000, -9.698214e-006, -9.147026e-006, 1.672049e-005 
6720000, -1.685769e-005, -6.321833e-006, 1.154900e-005 
6726000, -2.085071e-005, -2.308194e-006, 4.202085e-006 
6732000, -2.092446e-005, 2.139596e-006, -3.939541e-006 
6738000, -1.706303e-005, 6.185113e-006, -1.134481e-005 
6744000, -9.990889e-006, 9.067151e-006, -1.662035e-005 
6750000, -1.037015e-006, 1.024301e-005, -1.877275e-005 
6756000, 8.114889e-006, 9.490763e-006, -1.739577e-005 
6762000, 1.574306e-005, 6.951185e-006, -1.274710e-005 
6768000, 2.041171e-005, 3.101459e-006, -5.700226e-006 
6774000, 2.124142e-005, -1.334480e-006, 2.419705e-006 
6780000, 1.807489e-005, -5.522091e-006, 1.008507e-005 
6786000, 1.150693e-005, -8.673269e-006, 1.585327e-005 
6792000, 2.772743e-006, -1.019472e-005, 1.863827e-005 
6798000, -6.484313e-006, -9.799747e-006, 1.791527e-005 
6804000, -1.452199e-005, -7.562300e-006, 1.381965e-005 
6810000, -1.982713e-005, -3.903221e-006, 7.121746e-006 
6816000, -2.140064e-005, 4.889047e-007, -9.179862e-007 
6822000, -1.894582e-005, 4.787318e-006, -8.786181e-006 
6828000, -1.292437e-005, 8.182739e-006, -1.500146e-005 
6834000, -4.469731e-006, 1.003577e-005, -1.839341e-005 
6840000, 4.826283e-006, 9.997372e-006, -1.832312e-005 
6846000, 1.321314e-005, 8.074659e-006, -1.480362e-005 
6852000, 1.911132e-005, 4.629652e-006, -8.497579e-006 
6858000, 2.140984e-005, 3.111508e-007, -5.926172e-007 
6864000, 1.967570e-005, -4.067429e-006, 7.422319e-006 
6870000, 1.423554e-005, -7.681276e-006, 1.403742e-005 
6876000, 6.114256e-006, -9.849580e-006, 1.800647e-005 
6882000, -3.158031e-006, -1.016384e-005, 1.858172e-005 
6888000, -1.183420e-005, -8.564888e-006, 1.565486e-005 
6894000, -1.827935e-005, -5.354075e-006, 9.777504e-006 
6900000, -2.127896e-005, -1.136547e-006, 2.057370e-006 
6906000, -2.026784e-005, 3.292785e-006, -6.050470e-006 
6912000, -1.543673e-005, 7.099054e-006, -1.301780e-005 
6918000, -7.696475e-006, 9.564802e-006, -1.753132e-005 
6924000, 1.493622e-006, 1.022526e-005, -1.874028e-005 
6930000, 1.040087e-005, 8.955995e-006, -1.641691e-005 
6936000, 1.734582e-005, 5.996412e-006, -1.099943e-005 
6942000, 2.101901e-005, 1.904656e-006, -3.509522e-006 
6948000, 2.072788e-005, -2.547603e-006, 4.640283e-006 
6954000, 1.652747e-005, -6.520677e-006, 1.191294e-005 
6960000, 9.210152e-006, -9.265213e-006, 1.693678e-005 
6966000, 1.562483e-007, -1.026355e-005, 1.876422e-005 
6972000, -8.926263e-006, -9.327386e-006, 1.705059e-005 
6978000, -1.632390e-005, -6.633358e-006, 1.211920e-005 
6984000, -2.064092e-005, -2.689754e-006, 4.900484e-006 
6990000, -2.106273e-005, 1.759329e-006, -3.243509e-006 
6996000, -1.750965e-005, 5.874348e-006, -1.077600e-005 
7002000, -1.065207e-005, 8.878718e-006, -1.627546e-005 
7008000, -1.784082e-006, 1.020537e-005, -1.870388e-005 
7014000, 7.420644e-006, 9.603792e-006, -1.760271e-005 
7020000, 1.522465e-005, 7.187403e-006, -1.317954e-005 
7026000, 2.015462e-005, 3.412185e-006, -6.269045e-006 
7032000, 2.127952e-005, -1.009297e-006, 1.824421e-006 
7038000, 1.838652e-005, -5.242344e-006, 9.572962e-006 
7044000, 1.202126e-005, -8.487677e-006, 1.551350e-005 
7050000, 3.385115e-006, -1.013233e-005, 1.852402e-005 
7056000, -5.891485e-006, -9.865447e-006, 1.803549e-005 
7062000, -1.405678e-005, -7.737043e-006, 1.413947e-005 
7068000, -1.956842e-005, -4.148681e-006, 7.571022e-006 
7074000, -2.138475e-005, 2.222433e-007, -4.299028e-007 
7080000, -1.916172e-005, 4.550337e-006, -8.352427e-006 
7086000, -1.331810e-005, 8.018032e-006, -1.470000e-005 
7092000, -4.956660e-006, 9.969994e-006, -1.827304e-005 
7098000, 4.343826e-006, 1.003696e-005, -1.839563e-005 
7104000, 1.282659e-005, 8.205617e-006, -1.504337e-005 
7110000, 1.888864e-005, 4.821237e-006, -8.848308e-006 
7116000, 2.138361e-005, 5.226523e-007, -9.798024e-007 
7122000, 1.983852e-005, -3.878302e-006, 7.076090e-006 
7128000, 1.454351e-005, -7.550067e-006, 1.379721e-005 
7134000, 6.497355e-006, -9.798443e-006, 1.791283e-005 
7140000, -2.780809e-006, -1.019782e-005, 1.864389e-005 
7146000, -1.153823e-005, -8.671739e-006, 1.585041e-005 
7152000, -1.811954e-005, -5.507531e-006, 1.005837e-005 
7158000, -2.127964e-005, -1.302260e-006, 2.360674e-006 
7164000, -2.041917e-005, 3.149910e-006, -5.788970e-006 
7170000, -1.569817e-005, 7.007647e-006, -1.285051e-005 
7176000, -8.006407e-006, 9.541394e-006, -1.748850e-005 
7182000, 1.204319e-006, 1.027131e-005, -1.882461e-005 
7188000, 1.019408e-005, 9.058125e-006, -1.660389e-005 
7194000, 1.726343e-005, 6.129703e-006, -1.124345e-005 
7200000, 2.107457e-005, 2.038267e-006, -3.754124e-006 
7206000, 2.090444e-005, -2.443710e-006, 4.450079e-006 
7212000, 1.678191e-005, -6.469307e-006, 1.181888e-005 
7218000, 9.482886e-006, -9.277148e-006, 1.695860e-005 
7224000, 3.843418e-007, -1.033537e-005, 1.889566e-005 
7230000, -8.795378e-006, -9.442321e-006, 1.726095e-005 
7236000, -1.632101e-005, -6.764999e-006, 1.236014e-005 
7242000, -2.076831e-005, -2.807799e-006, 5.116535e-006 
7248000, -2.129349e-005, 1.682475e-006, -3.102857e-006 
7254000, -1.779327e-005, 5.857520e-006, -1.074523e-005 
7260000, -1.092513e-005, 8.927753e-006, -1.636525e-005 
7266000, -1.983808e-006, 1.031159e-005, -1.889835e-005 
7272000, 7.342712e-006, 9.745593e-006, -1.786230e-005 
7278000, 1.529181e-005, 7.334557e-006, -1.344893e-005 
7284000, 2.035924e-005, 3.532139e-006, -6.488646e-006 
7290000, 2.158373e-005, -9.445119e-007, 1.705808e-006 
7296000, 1.872920e-005, -5.249982e-006, 9.586917e-006 
7302000, 1.233027e-005, -8.570213e-006, 1.566456e-005 
7308000, 3.592068e-006, -1.027638e-005, 1.878767e-005 
7314000, -5.836679e-006, -1.004394e-005, 1.836219e-005 
7320000, -1.417468e-005, -7.914317e-006, 1.446395e-005 
7326000, -1.984453e-005, -4.287555e-006, 7.825203e-006 
7332000, -2.177104e-005, 1.528687e-007, -3.029377e-007 
7338000, -1.958501e-005, 4.568810e-006, -8.386265e-006 
7344000, -1.369393e-005, 8.125642e-006, -1.489700e-005 
7350000, -5.205985e-006, 1.014996e-005, -1.860249e-005 
7356000, 4.278423e-006, 1.025702e-005, -1.879847e-005 
7362000, 1.296838e-005, 8.423844e-006, -1.544286e-005 
7368000, 1.922058e-005, 4.994022e-006, -9.164612e-006 
7374000, 2.184998e-005, 6.133131e-007, -1.145780e-006 
7380000, 2.035434e-005, -3.891932e-006, 7.101016e-006 
7386000, 1.501002e-005, -7.670636e-006, 1.401789e-005 
7392000, 6.820924e-006, -1.000773e-005, 1.829591e-005 
7398000, -2.670132e-006, -1.045944e-005, 1.912276e-005 
7404000, -1.167207e-005, -8.937481e-006, 1.633683e-005 
7410000, -1.848348e-005, -5.726278e-006, 1.045876e-005 
7416000, -2.181416e-005, -1.429775e-006, 2.594065e-006 
7422000, -2.102936e-005, 3.142151e-006, -5.774791e-006 
7428000, -1.627068e-005, 7.126347e-006, -1.306781e-005 
7434000, -8.430490e-006, 9.769311e-006, -1.790573e-005 
7440000, 1.015460e-006, 1.056966e-005, -1.937076e-005 
7446000, 1.028582e-005, 9.373199e-006, -1.718065e-005 
7452000, 1.762956e-005, 6.402567e-006, -1.174295e-005 
7458000, 2.165665e-005, 2.215786e-006, -4.079095e-006 
7464000, 2.160105e-005, -2.398581e-006, 4.367447e-006 
7470000, 1.746638e-005, -6.569955e-006, 1.200310e-005 
7476000, 1.002639e-005, -9.509976e-006, 1.738477e-005 
7482000, 6.801477e-007, -1.066146e-005, 1.949255e-005 
7488000, -8.811118e-006, -9.803962e-006, 1.792290e-005 
7494000, -1.665589e-005, -7.095910e-006, 1.296585e-005 
7500000, -2.137046e-005, -3.045318e-006, 5.551287e-006 
7506000, -2.205953e-005, 1.585545e-006, -2.925451e-006 
7512000, -1.858605e-005, 5.923617e-006, -1.086624e-005 
7518000, -1.159840e-005, 9.149638e-006, -1.677143e-005 
7524000, -2.409217e-006, 1.065285e-005, -1.952304e-005 
7530000, 7.251201e-006, 1.014657e-005, -1.859630e-005 
7536000, 1.556072e-005, 7.722848e-006, -1.415971e-005 
7542000, 2.094907e-005, 3.835684e-006, -7.044308e-006 
7548000, 2.239449e-005, -7.840427e-007, 1.412044e-006 
7554000, 1.961743e-005, -5.266012e-006, 9.616232e-006 
7560000, 1.313445e-005, -8.764433e-006, 1.602005e-005 
7566000, 4.162110e-006, -1.061764e-005, 1.941232e-005 
7572000, -5.611427e-006, -1.047321e-005, 1.914795e-005 
7578000, -1.434405e-005, -8.354937e-006, 1.527047e-005 
7584000, -2.038691e-005, -4.658936e-006, 8.504983e-006 
7590000, -2.259572e-005, -7.955490e-008, 1.224819e-007 
7596000, -2.054734e-005, 4.521113e-006, -8.298985e-006 
7602000, -1.462080e-005, 8.275537e-006, -1.517141e-005 
7608000, -5.927001e-006, 1.047433e-005, -1.919628e-005 
7614000, 3.899500e-006, 1.070028e-005, -1.960988e-005 
7620000, 1.300793e-005, 8.907458e-006, -1.632814e-005 
7626000, 1.967990e-005, 5.430478e-006, -9.963571e-006 
7632000, 2.265356e-005, 9.220005e-007, -1.710859e-006 
7638000, 2.136225e-005, -3.769810e-006, 6.877442e-006 
7644000, 1.604234e-005, -7.760879e-006, 1.418304e-005 
7650000, 7.689958e-006, -1.029781e-005, 1.882687e-005 
7656000, -2.125619e-006, -1.090011e-005, 1.992937e-005 
7662000, -1.155690e-005, -9.451152e-006, 1.727706e-005 
7668000, -1.882595e-005, -6.220717e-006, 1.136379e-005 
7674000, -2.255958e-005, -1.814727e-006, 3.298679e-006 
7680000, -2.204871e-005, 2.938449e-006, -5.401952e-006 
7686000, -1.738301e-005, 7.143765e-006, -1.309973e-005 
7692000, -9.435157e-006, 1.000807e-005, -1.834280e-005 
7698000, 3.024989e-007, 1.098969e-005, -2.013964e-005 
7704000, 9.998196e-006, 9.900864e-006, -1.814657e-005 
7710000, 1.782542e-005, 6.943635e-006, -1.273340e-005 
7716000, 2.230703e-005, 2.672297e-006, -4.914769e-006 
7722000, 2.259402e-005, -2.110513e-006, 3.840104e-006 
7728000, 1.862633e-005, -6.504690e-006, 1.188359e-005 
7734000, 1.114522e-005, -9.682085e-006, 1.769977e-005 
7740000, 1.554729e-006, -1.104260e-005, 2.019018e-005 
7746000, -8.341934e-006, -1.032753e-005, 1.888125e-005 
7752000, -1.668150e-005, -7.668722e-006, 1.401433e-005 
7758000, -2.189151e-005, -3.564264e-006, 6.501171e-006 
7764000, -2.298683e-005, 1.214875e-006, -2.246985e-006 
7770000, -1.975594e-005, 5.769696e-006, -1.058453e-005 
7776000, -1.280169e-005, 9.242320e-006, -1.694113e-005 
7782000, -3.428771e-006, 1.097759e-005, -2.011753e-005 
7788000, 6.601118e-006, 1.064671e-005, -1.951184e-005 
7794000, 1.540051e-005, 8.309483e-006, -1.523358e-005 
7800000, 2.131144e-005, 4.403577e-006, -8.083872e-006 
7806000, 2.321785e-005, -3.375188e-007, 5.946442e-007 
7812000, 2.075639e-005, -5.022254e-006, 9.169993e-006 
7818000, 1.438564e-005, -8.768715e-006, 1.602784e-005 
7824000, 5.300597e-006, -1.087069e-005, 1.987548e-005 
7830000, -4.791487e-006, -1.093080e-005, 1.998552e-005 
7836000, -1.399205e-005, -8.935671e-006, 1.633345e-005 
7842000, -2.056847e-005, -5.258780e-006, 9.602945e-006 
7848000, -2.328042e-005, -5.905654e-007, 1.057835e-006 
7854000, -2.161384e-005, 4.191276e-006, -7.695269e-006 
7860000, -1.587842e-005, 8.186851e-006, -1.500912e-005 
7866000, -7.150025e-006, 1.064346e-005, -1.950591e-005 
7872000, 2.931171e-006, 1.109743e-005, -2.033691e-005 
7878000, 1.246895e-005, 9.461673e-006, -1.734267e-005 
7884000, 1.966784e-005, 6.042357e-006, -1.108366e-005 
7890000, 2.317116e-005, 1.481630e-006, -2.735302e-006 
7896000, 2.231683e-005, -3.363020e-006, 6.132769e-006 
7902000, 1.726249e-005, -7.580023e-006, 1.385194e-005 
7908000, 8.956485e-006, -1.037529e-005, 1.896865e-005 
7914000, -1.040134e-006, -1.122181e-005, 2.051818e-005 
7920000, -1.084704e-005, -9.959008e-006, 1.820664e-005 
7926000, -1.861838e-005, -6.823270e-006, 1.246671e-005 
7932000, -2.289036e-005, -2.403676e-006, 4.376695e-006 
7938000, -2.285699e-005, 2.468674e-006, -4.542083e-006 
7944000, -1.852228e-005, 6.876977e-006, -1.261143e-005 
7950000, -1.069992e-005, 9.991282e-006, -1.831213e-005 
7956000, -8.605886e-007, 1.122480e-005, -2.057006e-005 
7962000, 9.144612e-006, 1.034449e-005, -1.895868e-005 
7968000, 1.743248e-005, 7.515177e-006, -1.377965e-005 
7974000, 2.244226e-005, 3.268645e-006, -6.006427e-006 
7980000, 2.322969e-005, -1.596262e-006, 2.898725e-006 
7986000, 1.964505e-005, -6.163958e-006, 1.125984e-005 
7992000, 1.236176e-005, -9.574464e-006, 1.750272e-005 
7998000, 2.749849e-006, -1.118537e-005, 2.045146e-005 
8004000, -7.381714e-006, -1.069289e-005, 1.954998e-005 
8010000, -1.612554e-005, -8.189214e-006, 1.496704e-005 
8016000, -2.183497e-005, -4.145279e-006, 7.564663e-006 
8022000, -2.343434e-005, 6.777974e-007, -1.263921e-006 
8028000, -2.062169e-005, 5.371968e-006, -9.856542e-006 
8034000, -1.392594e-005, 9.053242e-006, -1.659507e-005 
8040000, -4.607463e-006, 1.102820e-005, -2.021022e-005 
8046000, 5.579107e-006, 1.092468e-005, -2.002073e-005 
8052000, 1.471529e-005, 8.761946e-006, -1.606186e-005 
8058000, 2.108015e-005, 4.947159e-006, -9.078941e-006 
8064000, 2.347454e-005, 1.987749e-007, -3.870826e-007 
8070000, 2.144717e-005, -4.588768e-006, 8.376455e-006 
8076000, 1.537977e-005, -8.513539e-006, 1.556070e-005 
8082000, 6.415332e-006, -1.083606e-005, 1.981205e-005 
8088000, -3.757124e-006, -1.111871e-005, 2.032943e-005 
8094000, -1.322080e-005, -9.308201e-006, 1.701532e-005 
8100000, -2.019229e-005, -5.745735e-006, 1.049426e-005 
8106000, -2.335781e-005, -1.102721e-006, 1.995283e-006 
8112000, -2.212081e-005, 3.745720e-006, -6.879729e-006 
8118000, -1.671460e-005, 7.885696e-006, -1.445790e-005 
8124000, -8.158464e-006, 1.053683e-005, -1.931077e-005 
8130000, 1.934445e-006, 1.119938e-005, -2.052357e-005 
8136000, 1.166115e-005, 9.748552e-006, -1.786784e-005 
8142000, 1.918767e-005, 6.458011e-006, -1.184455e-005 
8148000, 2.309484e-005, 1.948364e-006, -3.589696e-006 
8154000, 2.264605e-005, -2.929855e-006, 5.339822e-006 
8160000, 1.792619e-005, -7.256570e-006, 1.325982e-005 
8166000, 9.825778e-006, -1.021571e-005, 1.867648e-005 
8172000, -1.269399e-007, -1.124913e-005, 2.056815e-005 
8178000, -1.005423e-005, -1.016198e-005, 1.857814e-005 
8184000, -1.808307e-005, -7.159485e-006, 1.308211e-005 
8190000, -2.269857e-005, -2.808262e-006, 5.117243e-006 
8196000, -2.302986e-005, 2.070524e-006, -3.813314e-006 
8202000, -1.901453e-005, 6.556098e-006, -1.202410e-005 
8208000, -1.141053e-005, 9.801837e-006, -1.796539e-005 
8214000, -1.653236e-006, 1.119507e-005, -2.051569e-005 
8220000, 8.415381e-006, 1.047278e-005, -1.919354e-005 
8226000, 1.689438e-005, 7.771278e-006, -1.424848e-005 
8232000, 2.218273e-005, 3.600589e-006, -6.614083e-006 
8238000, 2.328165e-005, -1.251793e-006, 2.268141e-006 
8244000, 1.998331e-005, -5.869531e-006, 1.072085e-005 
8250000, 1.291028e-005, -9.380455e-006, 1.714756e-005 
8256000, 3.398171e-006, -1.112128e-005, 2.033411e-005 
8262000, -6.756460e-006, -1.076292e-005, 1.967814e-005 
8268000, -1.563528e-005, -8.372766e-006, 1.530299e-005 
8274000, -2.156051e-005, -4.402056e-006, 8.034656e-006 
8280000, -2.341196e-005, 3.992400e-007, -7.540572e-007 
8286000, -2.083885e-005, 5.124001e-006, -9.402674e-006 
8292000, -1.432634e-005, 8.879286e-006, -1.627668e-005 
8298000, -5.104225e-006, 1.095506e-005, -2.007636e-005 
8304000, 5.085192e-006, 1.095845e-005, -2.008257e-005 
8310000, 1.431609e-005, 8.888111e-006, -1.629283e-005 
8316000, 2.084302e-005, 5.134665e-006, -9.422198e-006 
8322000, 2.343091e-005, 4.070755e-007, -7.684031e-007 
8328000, 2.158873e-005, -4.401206e-006, 8.033096e-006 
8334000, 1.566273e-005, -8.381019e-006, 1.531809e-005 
8340000, 6.771499e-006, -1.077935e-005, 1.970821e-005 
8346000, -3.405106e-006, -1.114179e-005, 2.037166e-005 
8352000, -1.294315e-005, -9.398623e-006, 1.718081e-005 
8358000, -2.003822e-005, -5.878257e-006, 1.073682e-005 
8364000, -2.334671e-005, -1.245417e-006, 2.256460e-006 
8370000, -2.224019e-005, 3.624315e-006, -6.657524e-006 
8376000, -1.692478e-005, 7.809905e-006, -1.431919e-005 
8382000, -8.402812e-006, 1.051901e-005, -1.927817e-005 
8388000, 1.716031e-006, 1.123791e-005, -2.059411e-005 
8394000, 1.151867e-005, 9.828918e-006, -1.801497e-005 
8400000, 1.915013e-005, 6.556742e-006, -1.202530e-005 
8406000, 2.316449e-005, 2.038784e-006, -3.755231e-006 
8412000, 2.279868e-005, -2.871292e-006, 5.232603e-006 
8418000, 1.811751e-005, -7.244796e-006, 1.323825e-005 
8424000, 1.000228e-005, -1.025359e-005, 1.874581e-005 
8430000, -1.511719e-008, -1.132685e-005, 2.071040e-005 
8436000, -1.004121e-005, -1.025930e-005, 1.875626e-005 
8442000, -1.817872e-005, -7.250460e-006, 1.324861e-005 
8448000, -2.288547e-005, -2.867366e-006, 5.225414e-006 
8454000, -2.326649e-005, 2.062248e-006, -3.798184e-006 
8460000, -1.924412e-005, 6.606217e-006, -1.211586e-005 
8466000, -1.157368e-005, 9.904141e-006, -1.815267e-005 
8472000, -1.701747e-006, 1.133023e-005, -2.076312e-005 
8478000, 8.506671e-006, 1.061200e-005, -1.944840e-005 
8484000, 1.712029e-005, 7.882261e-006, -1.445165e-005 
8490000, 2.250680e-005, 3.654594e-006, -6.712956e-006 
8496000, 2.364205e-005, -1.273290e-006, 2.307475e-006 
8502000, 2.030463e-005, -5.970017e-006, 1.090478e-005 
8508000, 1.311892e-005, -9.546521e-006, 1.745152e-005 
8514000, 3.438310e-006, -1.132427e-005, 2.070567e-005 
8520000, -6.909723e-006, -1.096393e-005, 2.004608e-005 
8526000, -1.596848e-005, -8.530073e-006, 1.559092e-005 
8532000, -2.202192e-005, -4.479580e-006, 8.176547e-006 
8538000, -2.391958e-005, 4.240953e-007, -7.995708e-007 
8544000, -2.129506e-005, 5.254830e-006, -9.642172e-006 
8550000, -1.463663e-005, 9.098692e-006, -1.667831e-005 
8556000, -5.196356e-006, 1.122678e-005, -2.057376e-005 
8562000, 5.245401e-006, 1.123339e-005, -2.058585e-005 
8568000, 1.471565e-005, 9.113243e-006, -1.670495e-005 
8574000, 2.142151e-005, 5.263236e-006, -9.657562e-006 
8580000, 2.408948e-005, 4.080833e-007, -7.702644e-007 
8586000, 2.220712e-005, -4.536093e-006, 8.279990e-006 
8592000, 1.612133e-005, -8.634605e-006, 1.578226e-005 
8598000, 6.974348e-006, -1.111085e-005, 2.031500e-005 
8604000, -3.510721e-006, -1.149339e-005, 2.101524e-005 
8610000, -1.335447e-005, -9.705652e-006, 1.774280e-005 
8616000, -2.069483e-005, -6.081102e-006, 1.110811e-005 
8622000, -2.413920e-005, -1.301033e-006, 2.358248e-006 
8628000, -2.302847e-005, 3.733532e-006, -6.857462e-006 
8634000, -1.756302e-005, 8.071676e-006, -1.479838e-005 
8640000, -8.766476e-006, 1.089216e-005, -1.996125e-005 
